1 6830 25 6831 6832 1073
980 1106 621 1107 1108 165
980 1109 302 1110 1111 621
846 1112 980 1113 1114 326
846 1115 302 1116 1117 980
846 1118 399 1119 1120 302
712 1121 470 1122 1123 584
632 1124 958 1125 1126 399
738 1127 216 1128 1129 675
367 1130 914 1131 1132 470
815 1133 266 1134 1135 166
914 1136 960 1137 1138 738
960 1139 709 1140 1141 276
1017 1142 216 1143 1144 166
337 1145 203 1146 1147 1061
546 1148 470 1149 1150 738
995 1151 546 1152 1153 675
1061 1154 995 1155 1156 675
1017 1157 1061 1158 1159 675
305 1160 337 1161 1162 1061
806 1163 546 1164 1165 995
281 1166 806 1167 1168 203
345 1169 546 1170 1171 806
546 1172 738 1173 1174 675
584 1175 470 1176 1177 546
833 1178 315 1179 1180 345
712 1181 399 1182 1183 367
345 1184 315 1185 1186 584
315 1187 720 1188 1189 609
960 1190 907 1191 1192 709
470 1193 914 1194 1195 738
367 1196 907 1197 1198 914
1077 1199 1016 1200 1201 547
874 1202 1035 1203 1204 233
362 1205 1016 1206 1207 1035
720 1208 340 1209 1210 621
929 1211 266 1212 1213 703
906 1214 807 1215 1216 930
673 1217 514 1218 1219 934
673 1220 595 1221 1222 514
169 1223 673 1224 1225 408
169 1226 688 1227 1228 696
358 1229 282 1230 1231 595
1097 1232 528 1233 1234 479
703 1235 276 1236 1237 261
929 1238 703 1239 1240 610
266 1241 815 1242 1243 981
166 1244 266 1245 1246 201
216 1247 738 1248 1249 815
943 1250 577 1251 1252 718
462 1253 943 1254 1255 431
1028 1256 364 1257 1258 667
565 1259 1028 1260 1261 943
565 1262 555 1263 1264 1028
1044 1265 344 1266 1267 633
521 1268 460 1269 1270 670
839 1271 521 1272 1273 430
768 1274 839 1275 1276 430
53 6935 54 6936 6937 839
54 6938 55 6939 6940 521
372 1277 344 1278 1279 376
718 1280 372 1281 1282 685
300 1283 718 1284 1285 685
431 1286 943 1287 1288 718
316 1289 539 1290 1291 300
564 1292 462 1293 1294 431
577 1295 344 1296 1297 372
462 1298 565 1299 1300 943
660 1301 462 1302 1303 349
1028 1304 369 1305 1306 364
462 1307 848 1308 1309 565
393 1310 501 1311 1312 555
501 1313 369 1314 1315 555
744 1316 501 1317 1318 393
378 1319 668 1320 1321 501
446 1322 378 1323 1324 265
1059 1325 669 1326 1327 900
446 1328 374 1329 1330 378
400 1331 672 1332 1333 267
821 1334 819 1335 1336 994
245 1337 737 1338 1339 819
1072 1340 734 1341 1342 245
466 1343 967 1344 1345 813
400 1346 267 1347 1348 737
967 1349 589 1350 1351 900
813 1352 967 1353 1354 737
466 1355 589 1356 1357 967
734 1358 466 1359 1360 813
245 1361 734 1362 1363 813
382 1364 971 1365 1366 1019
421 1367 589 1368 1369 466
455 1370 421 1371 1372 370
842 1373 455 1374 1375 370
633 1376 667 1377 1378 802
669 1379 378 1380 1381 374
421 1382 985 1383 1384 1059
369 1385 501 1386 1387 668
746 1388 210 1389 1390 319
737 1391 967 1392 1393 400
420 1394 210 1395 1396 671
900 1397 420 1398 1399 671
400 1400 900 1401 1402 671
589 1403 1059 1404 1405 900
400 1406 967 1407 1408 900
985 1409 364 1410 1411 369
1059 1412 985 1413 1414 668
669 1415 1059 1416 1417 668
589 1418 421 1419 1420 1059
421 1421 455 1422 1423 985
374 1424 540 1425 1426 420
788 1427 421 1428 1429 466
460 1430 521 1431 1432 55
1044 1433 430 1434 1435 376
226 1436 339 1437 1438 768
1041 1439 728 1440 1441 249
834 1442 1041 1443 1444 533
726 1445 728 1446 1447 1041
765 1448 359 1449 1450 723
1015 1451 569 1452 1453 765
423 1454 567 1455 1456 569
305 1457 742 1458 1459 337
918 1460 885 1461 1462 706
996 1463 330 1464 1465 835
993 1466 996 1467 1468 398
662 1469 330 1470 1471 996
850 1472 662 1473 1474 504
727 1475 850 1476 1477 249
727 1478 908 1479 1480 850
728 1481 727 1482 1483 249
1104 1484 1041 1485 1486 249
945 1487 1104 1488 1489 249
411 1490 844 1491 1492 1104
726 1493 359 1494 1495 728
359 1496 569 1497 1498 798
850 1499 908 1500 1501 662
705 1502 164 1503 1504 891
747 1505 705 1506 1507 626
395 1508 966 1509 1510 626
189 1511 456 1512 1513 875
875 1514 456 1515 1516 656
641 1517 186 1518 1519 1074
661 1520 641 1521 1522 467
634 1523 745 1524 1525 641
799 1526 337 1527 1528 1015
281 1529 799 1530 1531 634
203 1532 337 1533 1534 799
723 1535 726 1536 1537 332
908 1538 752 1539 1540 662
798 1541 908 1542 1543 727
798 1544 567 1545 1546 908
752 1547 330 1548 1549 662
789 1550 946 1551 1552 567
418 1553 330 1554 1555 752
270 1556 418 1557 1558 232
1094 1559 432 1560 1561 871
504 1562 993 1563 1564 481
835 1565 1075 1566 1567 996
507 1568 835 1569 1570 330
603 1571 290 1572 1573 1075
84 7028 85 7029 7030 719
1075 1574 541 1575 1576 398
996 1577 1075 1578 1579 398
835 1580 603 1581 1582 1075
290 1583 274 1584 1585 978
256 1586 213 1587 1588 938
481 1589 256 1590 1591 411
945 1592 504 1593 1594 481
1104 1595 945 1596 1597 411
249 1598 850 1599 1600 945
559 1601 880 1602 1603 88
214 1604 497 1605 1606 481
214 1607 487 1608 1609 497
481 1610 497 1611 1612 1014
1057 1613 342 1614 1615 275
1061 1616 203 1617 1618 995
742 1619 973 1620 1621 618
997 1622 723 1623 1624 745
1015 1625 765 1626 1627 997
742 1628 1015 1629 1630 337
742 1631 423 1632 1633 1015
569 1634 359 1635 1636 765
641 1637 661 1638 1639 634
1074 1640 467 1641 1642 641
961 1643 1074 1644 1645 186
961 1646 212 1647 1648 1074
467 1649 812 1650 1651 661
387 1652 601 1653 1654 442
180 1655 464 1656 1657 492
467 1658 1089 1659 1660 180
1074 1661 212 1662 1663 1089
927 1664 686 1665 1666 777
969 1667 964 1668 1669 731
333 1670 840 1671 1672 731
20 6818 21 6819 6820 1003
909 1673 642 1674 1675 666
428 1676 909 1677 1678 721
624 1679 642 1680 1681 909
629 1682 20 1683 1684 1003
721 1685 686 1686 1687 204
624 1688 909 1689 1690 428
992 1691 777 1692 1693 686
909 1694 992 1695 1696 721
909 1697 666 1698 1699 992
204 1700 19 1701 1702 629
621 1703 162 1704 1705 165
621 1706 340 1707 1708 162
326 1709 980 1710 1711 165
951 1712 315 1713 1714 387
340 1715 951 1716 1717 574
720 1718 315 1719 1720 951
302 1721 720 1722 1723 621
302 1724 609 1725 1726 720
951 1727 387 1728 1729 574
947 1730 769 1731 1732 792
404 1733 947 1734 1735 756
404 1736 841 1737 1738 947
2 6839 27 6840 6841 756
365 1739 772 1740 1741 33
772 1742 177 1743 1744 1012
1079 1745 39 1746 1747 228
919 1748 384 1749 1750 962
975 1751 919 1752 1753 646
1038 1754 975 1755 1756 646
177 1757 884 1758 1759 975
884 1760 872 1761 1762 919
309 1763 872 1764 1765 207
309 1766 866 1767 1768 872
446 1769 273 1770 1771 353
540 1772 446 1773 1774 353
265 1775 436 1776 1777 519
498 1778 423 1779 1780 618
631 1781 498 1782 1783 618
265 1784 706 1785 1786 436
918 1787 544 1788 1789 366
885 1790 918 1791 1792 860
706 1793 173 1794 1795 918
860 1796 395 1797 1798 701
540 1799 206 1800 1801 210
540 1802 353 1803 1804 206
420 1805 540 1806 1807 210
374 1808 446 1809 1810 540
934 1811 314 1812 1813 408
807 1814 687 1815 1816 514
1097 1817 807 1818 1819 514
930 1820 206 1821 1822 906
272 1823 930 1824 1825 807
272 1826 357 1827 1828 930
439 1829 314 1830 1831 687
273 1832 439 1833 1834 353
273 1835 451 1836 1837 439
798 1838 727 1839 1840 359
567 1841 798 1842 1843 569
567 1844 752 1845 1846 908
498 1847 983 1848 1849 423
946 1850 418 1851 1852 752
808 1853 201 1854 1855 314
408 1856 308 1857 1858 169
696 1859 595 1860 1861 673
314 1862 201 1863 1864 408
974 1865 987 1866 1867 1011
1071 1868 355 1869 1870 391
1105 1871 604 1872 1873 889
377 1874 1105 1875 1876 889
1071 1877 1058 1878 1879 1105
722 1880 1058 1881 1882 289
722 1883 760 1884 1885 1058
1029 1886 651 1887 1888 217
172 1889 1029 1890 1891 604
172 1892 816 1893 1894 1029
1009 1895 260 1896 1897 1068
767 1898 766 1899 1900 1009
773 1901 767 1902 1903 608
282 1904 1011 1905 1906 1060
391 1907 355 1908 1909 773
355 1910 380 1911 1912 767
380 1913 312 1914 1915 766
502 1916 503 1917 1918 287
895 1919 801 1920 1921 325
361 1922 895 1923 1924 678
568 1925 801 1926 1927 895
491 1928 188 1929 1930 193
729 1931 491 1932 1933 503
325 1934 729 1935 1936 299
325 1937 1046 1938 1939 729
729 1940 1046 1941 1942 491
678 1943 895 1944 1945 299
887 1946 424 1947 1948 1000
923 1949 231 1950 1951 258
403 1952 741 1953 1954 335
403 1955 592 1956 1957 741
452 1958 1046 1959 1960 354
592 1961 1101 1962 1963 741
659 1964 592 1965 1966 403
354 1967 659 1968 1969 403
325 1970 348 1971 1972 659
348 1973 607 1974 1975 1101
923 1976 258 1977 1978 628
167 1979 1056 1980 1981 628
741 1982 231 1983 1984 923
872 1985 884 1986 1987 207
866 1988 516 1989 1990 872
872 1991 516 1992 1993 384
288 1994 866 1995 1996 309
267 1997 516 1998 1999 866
672 2000 400 2001 2002 671
692 2003 476 2004 2005 939
962 2006 692 2007 2008 665
919 2009 962 2010 2011 646
384 2012 692 2013 2014 962
319 2015 476 2016 2017 692
515 2018 1051 2019 2020 1069
795 2021 177 2022 2023 975
890 2024 795 2025 2026 1038
236 2027 890 2028 2029 295
236 2030 1091 2031 2032 890
1085 2033 307 2034 2035 828
177 2036 1085 2037 2038 828
890 2039 1091 2040 2041 1085
1091 2042 236 2043 2044 691
480 2045 307 2046 2047 1091
915 2048 480 2049 2050 250
241 2051 684 2052 2053 1034
1085 2054 177 2055 2056 795
890 2057 1085 2058 2059 795
317 2060 437 2061 2062 828
784 2063 210 2064 2065 206
930 2066 357 2067 2068 784
884 2069 177 2070 2071 772
384 2072 919 2073 2074 872
919 2075 975 2076 2077 884
688 2078 169 2079 2080 695
820 2081 1005 2082 2083 221
696 2084 673 2085 2086 169
358 2087 696 2088 2089 688
358 2090 595 2091 2092 696
1097 2093 282 2094 2095 528
987 2096 289 2097 2098 1071
773 2099 1060 2100 2101 391
974 2102 289 2103 2104 987
1005 2105 974 2106 2107 688
221 2108 1005 2109 2110 688
820 2111 469 2112 2113 1005
469 2114 289 2115 2116 974
766 2117 767 2118 2119 380
1060 2120 1011 2121 2122 987
608 2123 1060 2124 2125 773
608 2126 282 2127 2128 1060
1105 2129 1058 2130 2131 604
987 2132 1071 2133 2134 391
289 2135 1058 2136 2137 1071
688 2138 974 2139 2140 358
1005 2141 469 2142 2143 974
379 2144 820 2145 2146 221
379 2147 679 2148 2149 820
679 2150 518 2151 2152 722
820 2153 679 2154 2155 469
379 2156 566 2157 2158 679
1058 2159 760 2160 2161 604
1097 2162 272 2163 2164 807
1097 2165 479 2166 2167 272
595 2168 1097 2169 2170 514
595 2171 282 2172 2173 1097
1060 2174 987 2175 2176 391
358 2177 1011 2178 2179 282
358 2180 974 2181 2182 1011
264 2183 1051 2184 2185 528
515 2186 357 2187 2188 272
1051 2189 515 2190 2191 479
528 2192 1051 2193 2194 479
264 2195 714 2196 2197 1051
803 2198 829 2199 2200 295
1069 2201 714 2202 2203 829
939 2204 1069 2205 2206 803
1051 2207 714 2208 2209 1069
264 2210 524 2211 2212 714
524 2213 264 2214 2215 237
268 2216 524 2217 2218 237
268 2219 691 2220 2221 640
934 2222 687 2223 2224 314
673 2225 934 2226 2227 408
514 2228 687 2229 2230 934
524 2231 640 2232 2233 714
408 2234 201 2235 2236 308
906 2237 439 2238 2239 687
807 2240 906 2241 2242 687
206 2243 353 2244 2245 906
906 2246 353 2247 2248 439
216 2249 815 2250 2251 166
266 2252 308 2253 2254 201
965 6842 28 6843 6844 3
351 2255 965 2256 2257 29
438 2258 404 2259 2260 965
929 2261 458 2262 2263 695
769 2264 610 2265 2266 261
551 2267 458 2268 2269 610
947 2270 551 2271 2272 610
438 2273 841 2274 2275 404
438 2276 494 2277 2278 841
494 2279 379 2280 2281 551
351 2282 991 2283 2284 438
379 2285 221 2286 2287 551
27 6845 28 6846 6847 404
695 2288 221 2289 2290 688
308 2291 695 2292 2293 169
458 2294 221 2295 2296 695
769 2297 947 2298 2299 610
551 2300 841 2301 2302 494
458 2303 551 2304 2305 221
632 2306 194 2307 2308 474
824 2309 877 2310 2311 326
165 2312 1021 2313 2314 326
422 2315 855 2316 2317 877
558 2318 194 2319 2320 865
679 2321 566 2322 2323 518
698 2324 351 2325 2326 605
558 2327 663 2328 2329 194
566 2330 379 2331 2332 1084
3 6848 29 6849 6850 965
351 6854 29 6855 6856 30
410 2333 351 2334 2335 30
4 6851 410 6852 6853 30
31 6863 32 6864 6865 427
518 2336 223 2337 2338 722
566 2339 558 2340 2341 518
1084 2342 991 2343 2344 663
494 2345 1084 2346 2347 379
494 2348 991 2349 2350 1084
991 2351 351 2352 2353 698
558 2354 1084 2355 2356 663
494 2357 438 2358 2359 991
877 2360 715 2361 2362 613
422 2363 877 2364 2365 824
855 2366 715 2367 2368 877
509 2369 855 2370 2371 422
509 2372 630 2373 2374 896
1046 2375 452 2376 2377 491
659 2378 1046 2379 2380 325
659 2381 354 2382 2383 1046
348 2384 592 2385 2386 659
1053 2387 224 2388 2389 822
1056 2390 224 2391 2392 335
425 2393 505 2394 2395 167
1047 2396 197 2397 2398 350
822 2399 1047 2400 2401 831
425 2402 197 2403 2404 1047
412 2405 425 2406 2407 167
1047 2408 350 2409 2410 831
1100 2411 440 2412 2413 1093
965 2414 404 2415 2416 28
351 2417 438 2418 2419 965
566 2420 1084 2421 2422 558
608 2423 237 2424 2425 264
282 2426 608 2427 2428 528
773 2429 355 2430 2431 767
1009 2432 766 2433 2434 260
608 2435 1009 2436 2437 237
608 2438 767 2439 2440 1009
607 2441 689 2442 2443 1101
355 2444 1105 2445 2446 377
1101 2447 231 2448 2449 741
348 2450 1101 2451 2452 592
689 2453 231 2454 2455 1101
889 2456 689 2457 2458 377
355 2459 1071 2460 2461 1105
604 2462 1029 2463 2464 889
217 2465 231 2466 2467 689
607 2468 377 2469 2470 689
801 2471 607 2472 2473 348
325 2474 801 2475 2476 348
568 2477 312 2478 2479 801
380 2480 377 2481 2482 607
260 2483 766 2484 2485 312
355 2486 377 2487 2488 380
888 2489 403 2490 2491 335
299 2492 895 2493 2494 325
312 2495 380 2496 2497 607
929 2498 308 2499 2500 266
458 2501 929 2502 2503 610
695 2504 308 2505 2506 929
375 2507 480 2508 2509 915
678 2510 375 2511 2512 361
1052 2513 568 2514 2515 361
783 2516 503 2517 2518 502
299 2519 783 2520 2521 868
299 2522 729 2523 2524 783
241 2525 1034 2526 2527 375
1034 2528 317 2529 2530 480
1034 2531 437 2532 2533 317
375 2534 1034 2535 2536 480
684 2537 437 2538 2539 1034
218 2540 684 2541 2542 241
650 2543 1082 2544 2545 684
502 2546 1065 2547 2548 218
51 2549 1082 2550 2551 650
1082 2552 5 2553 2554 437
684 2555 1082 2556 2557 437
51 6923 5 6924 6925 1082
568 2558 260 2559 2560 312
607 2561 801 2562 2563 312
895 2564 361 2565 2566 568
868 2567 375 2568 2569 678
758 2570 268 2571 2572 1068
915 2573 758 2574 2575 1052
375 2576 915 2577 2578 361
250 2579 758 2580 2581 915
250 2582 691 2583 2584 758
828 2585 307 2586 2587 317
264 2588 528 2589 2590 608
503 2591 783 2592 2593 729
193 2594 503 2595 2596 491
218 2597 241 2598 2599 868
1052 2600 758 2601 2602 1068
568 2603 1052 2604 2605 260
361 2606 915 2607 2608 1052
317 2609 307 2610 2611 480
218 2612 650 2613 2614 684
1012 2615 177 2616 2617 828
5 2618 1012 2619 2620 828
5 2621 772 2622 2623 1012
1068 2624 237 2625 2626 1009
1052 2627 1068 2628 2629 260
268 2630 237 2631 2632 1068
691 2633 268 2634 2635 758
1091 2636 691 2637 2638 250
480 2639 1091 2640 2641 250
307 2642 1085 2643 2644 1091
236 2645 640 2646 2647 691
803 2648 295 2649 2650 665
515 2651 1069 2652 2653 357
829 2654 640 2655 2656 236
1069 2657 829 2658 2659 803
714 2660 640 2661 2662 829
268 2663 640 2664 2665 524
236 2666 295 2667 2668 829
217 2669 258 2670 2671 231
903 2672 1004 2673 2674 682
776 2675 406 2676 2677 513
867 2678 219 2679 2680 694
406 2681 867 2682 2683 785
394 2684 219 2685 2686 867
503 2687 193 2688 2689 287
468 2690 193 2691 2692 873
47 6914 48 6915 6916 468
294 2693 287 2694 2695 468
502 2696 287 2697 2698 294
1065 2699 502 2700 2701 294
49 6920 50 6921 6922 1065
50 2702 650 2703 2704 1065
218 2705 783 2706 2707 502
868 2708 241 2709 2710 375
299 2711 868 2712 2713 678
783 2714 218 2715 2716 868
5 2717 828 2718 2719 437
741 2720 923 2721 2722 335
46 6911 47 6912 6913 343
188 2723 472 2724 2725 873
176 2726 46 2727 2728 343
650 2729 218 2730 2731 1065
50 6926 51 6927 6928 650
873 2732 472 2733 2734 343
47 2735 873 2736 2737 343
193 2738 188 2739 2740 873
48 6917 49 6918 6919 294
1065 2741 294 2742 2743 49
287 2744 193 2745 2746 468
341 2747 310 2748 2749 392
452 2750 354 2751 2752 888
794 2753 452 2754 2755 424
653 2756 852 2757 2758 424
472 2759 188 2760 2761 794
794 2762 491 2763 2764 452
1053 2765 830 2766 2767 224
182 2768 1053 2769 2770 822
615 2771 830 2772 2773 1053
310 2774 615 2775 2776 1100
341 2777 887 2778 2779 310
341 2780 653 2781 2782 887
888 2783 354 2784 2785 403
1000 2786 888 2787 2788 830
615 2789 1000 2790 2791 830
424 2792 888 2793 2794 1000
424 2795 452 2796 2797 888
468 2798 48 2799 2800 294
873 2801 47 2802 2803 468
45 6908 46 6909 6910 176
653 2804 45 2805 2806 176
44 6905 45 6906 6907 653
830 2807 888 2808 2809 335
224 2810 830 2811 2812 335
615 2813 887 2814 2815 1000
653 2816 424 2817 2818 887
44 2819 653 2820 2821 341
176 2822 472 2823 2824 852
794 2825 188 2826 2827 491
852 2828 472 2829 2830 794
424 2831 852 2832 2833 794
653 2834 176 2835 2836 852
176 2837 343 2838 2839 472
1100 2840 182 2841 2842 440
310 2843 1100 2844 2845 1093
615 2846 1053 2847 2848 1100
389 2849 163 2850 2851 622
894 2852 862 2853 2854 870
183 2855 711 2856 2857 198
183 2858 499 2859 2860 1083
950 2861 162 2862 2863 340
862 2864 998 2865 2866 389
338 2867 162 2868 2869 950
98 7070 97 7071 7072 940
493 2870 235 2871 2872 560
99 7073 98 7074 7075 235
940 2873 235 2874 2875 98
702 2876 313 2877 2878 753
822 2879 831 2880 2881 182
1100 2882 1053 2883 2884 182
505 2885 425 2886 2887 1047
350 2888 560 2889 2890 702
224 2891 505 2892 2893 822
197 2894 493 2895 2896 350
560 2897 235 2898 2899 313
702 2900 560 2901 2902 313
350 2903 493 2904 2905 560
124 7148 123 7149 7150 263
235 2906 493 2907 2908 763
412 2909 876 2910 2911 425
876 2912 254 2913 2914 620
664 2915 984 2916 2917 620
1002 2918 682 2919 2920 1026
254 2921 1002 2922 2923 247
882 2924 682 2925 2926 1002
412 2927 882 2928 2929 876
903 2930 571 2931 2932 1004
412 2933 903 2934 2935 882
412 2936 167 2937 2938 903
628 2939 903 2940 2941 167
882 2942 1002 2943 2944 876
903 2945 682 2946 2947 882
1026 2948 707 2949 2950 247
285 2951 1026 2952 2953 682
285 2954 785 2955 2956 1026
247 2957 356 2958 2959 550
235 2960 763 2961 2962 99
664 2963 493 2964 2965 197
984 2966 664 2967 2968 197
425 2969 984 2970 2971 197
876 2972 620 2973 2974 984
297 2975 955 2976 2977 664
101 7079 100 7080 7081 580
955 2978 580 2979 2980 763
664 2981 955 2982 2983 493
956 2984 837 2985 2986 580
297 2987 956 2988 2989 955
297 2990 649 2991 2992 956
956 2993 649 2994 2995 837
580 2996 837 2997 2998 102
620 2999 297 3000 3001 664
425 3002 876 3003 3004 984
254 3005 550 3006 3007 654
654 3008 550 3009 3010 178
649 3011 654 3012 3013 407
827 3014 620 3015 3016 254
649 3017 827 3018 3019 654
649 3020 297 3021 3022 827
763 3023 493 3024 3025 955
100 3026 763 3027 3028 580
100 7076 99 7077 7078 763
837 3029 649 3030 3031 484
102 7082 101 7083 7084 580
580 3032 955 3033 3034 956
484 3035 473 3036 3037 104
105 7091 104 7092 7093 473
104 7088 103 7089 7090 484
1066 3038 1010 3039 3040 106
407 3041 1066 3042 3043 473
407 3044 178 3045 3046 1066
473 3047 1066 3048 3049 105
1010 3050 534 3051 3052 1088
106 7094 105 7095 7096 1066
1066 3053 178 3054 3055 534
990 3056 457 3057 3058 191
1088 3059 990 3060 3061 191
627 3062 356 3063 3064 990
550 3065 356 3066 3067 627
407 3068 654 3069 3070 178
254 3071 247 3072 3073 550
1048 3074 450 3075 3076 771
211 3077 1048 3078 3079 304
1024 3080 553 3081 3082 1048
247 3083 553 3084 3085 356
247 3086 1002 3087 3088 1026
457 3089 211 3090 3091 191
534 3092 627 3093 3094 990
1048 3095 553 3096 3097 450
990 3098 1024 3099 3100 457
356 3101 553 3102 3103 1024
876 3104 1002 3105 3106 254
759 3107 707 3108 3109 787
635 3110 548 3111 3112 771
953 3113 596 3114 3115 635
360 3116 1013 3117 3118 596
457 3119 1024 3120 3121 1048
409 3122 759 3123 3124 787
107 7097 106 7098 7099 1010
627 3125 534 3126 3127 178
550 3128 627 3129 3130 178
356 3131 1024 3132 3133 990
1088 3134 588 3135 3136 107
990 3137 1088 3138 3139 534
191 3140 588 3141 3142 1088
1010 3143 1088 3144 3145 107
109 7103 108 7104 7105 588
108 7100 107 7101 7102 588
1076 3146 211 3147 3148 598
1076 3149 191 3150 3151 211
254 3152 654 3153 3154 827
534 3155 1010 3156 3157 1066
827 3158 297 3159 3160 620
484 3161 649 3162 3163 407
484 3164 103 3165 3166 837
473 3167 484 3168 3169 407
103 7085 102 7086 7087 837
948 3170 572 3171 3172 863
110 7106 109 7107 7108 1076
211 3173 304 3174 3175 598
1076 3176 588 3177 3178 191
110 3179 1076 3180 3181 598
109 3182 588 3183 3184 1076
572 3185 598 3186 3187 304
989 3188 179 3189 3190 739
790 3191 989 3192 3193 486
676 3194 179 3195 3196 989
754 3197 790 3198 3199 486
230 3200 531 3201 3202 676
572 3203 304 3204 3205 548
863 3206 1013 3207 3208 112
114 7118 113 7119 7120 401
113 7115 112 7116 7117 401
986 3209 190 3210 3211 643
401 3212 360 3213 3214 986
694 3215 219 3216 3217 657
694 3218 328 3219 3220 867
416 3221 694 3222 3223 657
409 3224 328 3225 3226 694
531 3227 409 3228 3229 694
576 3230 928 3231 3232 230
331 3233 759 3234 3235 928
707 3236 553 3237 3238 247
785 3239 787 3240 3241 1026
450 3242 553 3243 3244 707
759 3245 450 3246 3247 707
928 3248 759 3249 3250 409
331 3251 771 3252 3253 759
771 3254 304 3255 3256 1048
759 3257 771 3258 3259 450
331 3260 635 3261 3262 771
576 3263 331 3264 3265 928
190 3266 576 3267 3268 230
953 3269 360 3270 3271 596
190 3272 953 3273 3274 576
190 3275 986 3276 3277 953
1048 3278 211 3279 3280 457
867 3281 406 3282 3283 394
787 3284 785 3285 3286 328
409 3287 787 3288 3289 328
707 3290 1026 3291 3292 787
285 3293 406 3294 3295 785
1004 3296 513 3297 3298 406
682 3299 1004 3300 3301 285
571 3302 513 3303 3304 1004
628 3305 571 3306 3307 903
1056 3308 923 3309 3310 628
505 3311 1056 3312 3313 167
335 3314 923 3315 3316 1056
258 3317 571 3318 3319 628
258 3320 217 3321 3322 651
896 3323 816 3324 3325 542
285 3326 1004 3327 3328 406
571 3329 258 3330 3331 651
505 3332 224 3333 3334 1056
651 3335 1029 3336 3337 816
571 3338 651 3339 3340 513
217 3341 889 3342 3343 1029
790 3344 190 3345 3346 230
989 3347 790 3348 3349 676
754 3350 643 3351 3352 790
925 3353 922 3354 3355 643
793 3356 925 3357 3358 754
116 7124 115 7125 7126 925
986 3359 922 3360 3361 401
754 3362 925 3363 3364 643
115 7121 114 7122 7123 922
790 3365 643 3366 3367 190
793 3368 754 3369 3370 486
253 3371 793 3372 3373 486
117 7127 116 7128 7129 793
925 3374 115 3375 3376 922
118 7130 117 7131 7132 253
118 3377 253 3378 3379 905
1030 3380 739 3381 3382 179
935 3383 1030 3384 3385 179
810 3386 1098 3387 3388 1030
240 3389 810 3390 3391 324
120 7136 119 7137 7138 1098
488 3392 240 3393 3394 761
121 7139 120 7140 7141 488
1098 3395 119 3396 3397 905
119 7133 118 7134 7135 905
1030 3398 905 3399 3400 739
1098 3401 488 3402 3403 120
1030 3404 1098 3405 3406 905
810 3407 488 3408 3409 1098
131 7169 130 7170 7171 222
490 3410 482 3411 3412 825
700 3413 222 3414 3415 129
838 3416 912 3417 3418 286
730 3419 222 3420 3421 700
735 3422 730 3423 3424 700
286 3425 912 3426 3427 735
259 3428 575 3429 3430 1090
306 3431 321 3432 3433 730
471 3434 774 3435 3436 271
321 3437 757 3438 3439 1078
1070 3440 1006 3441 3442 757
306 3443 1070 3444 3445 321
774 3446 1006 3447 3448 1070
271 3449 774 3450 3451 306
921 3452 383 3453 3454 911
757 3455 901 3456 3457 972
921 3458 381 3459 3460 383
901 3461 1006 3462 3463 911
774 3464 381 3465 3466 921
1031 3467 522 3468 3469 135
242 3470 1031 3471 3472 397
242 3473 847 3474 3475 1031
700 3476 128 3477 3478 286
597 3479 219 3480 3481 280
690 3482 416 3483 3484 952
639 3485 690 3486 3487 251
639 3488 935 3489 3490 690
181 3491 676 3492 3493 531
676 3494 790 3495 3496 230
739 3497 486 3498 3499 989
253 3500 117 3501 3502 793
739 3503 253 3504 3505 486
324 3506 810 3507 3508 1030
905 3509 253 3510 3511 739
793 3512 116 3513 3514 925
1037 3515 530 3516 3517 208
199 3518 883 3519 3520 750
242 3521 530 3522 3523 883
306 3524 730 3525 3526 1090
129 7163 128 7164 7165 700
1006 3527 901 3528 3529 757
321 3530 1070 3531 3532 757
921 3533 911 3534 3535 1006
208 3536 530 3537 3538 383
530 3539 242 3540 3541 911
575 3542 298 3543 3544 271
780 3545 1092 3546 3547 259
1092 3548 195 3549 3550 585
694 3551 416 3552 3553 531
597 3554 657 3555 3556 219
952 3557 251 3558 3559 690
597 3560 952 3561 3562 657
597 3563 490 3564 3565 952
736 3566 597 3567 3568 280
490 3569 251 3570 3571 952
543 3572 324 3573 3574 639
892 3575 543 3576 3577 699
949 3578 892 3579 3580 699
263 3581 761 3582 3583 892
892 3584 761 3585 3586 240
954 3587 280 3588 3589 630
532 3590 954 3591 3592 509
557 3593 280 3594 3595 954
532 3596 611 3597 3598 557
429 3599 724 3600 3601 532
283 3602 590 3603 3604 853
979 3605 368 3606 3607 845
1095 3608 383 3609 3610 381
924 3611 1095 3612 3613 804
924 3614 853 3615 3616 1095
724 3617 924 3618 3619 804
590 3620 1027 3621 3622 963
471 3623 298 3624 3625 845
575 3626 536 3627 3628 298
1090 3629 730 3630 3631 735
259 3632 536 3633 3634 575
482 3635 490 3636 3637 736
536 3638 482 3639 3640 298
736 3641 280 3642 3643 557
611 3644 979 3645 3646 557
490 3647 597 3648 3649 736
825 3650 645 3651 3652 251
585 3653 825 3654 3655 482
585 3656 195 3657 3658 825
952 3659 416 3660 3661 657
531 3662 928 3663 3664 409
181 3665 531 3666 3667 416
230 3668 928 3669 3670 531
179 3671 676 3672 3673 181
112 7112 111 7113 7114 863
948 3674 863 3675 3676 111
111 7109 110 7110 7111 948
598 3677 572 3678 3679 948
1013 3680 360 3681 3682 401
572 3683 1013 3684 3685 863
572 3686 596 3687 3688 1013
110 3689 598 3690 3691 948
548 3692 596 3693 3694 572
112 3695 1013 3696 3697 401
771 3698 548 3699 3700 304
635 3701 576 3702 3703 953
548 3704 635 3705 3706 596
331 3707 576 3708 3709 635
986 3710 643 3711 3712 922
114 3713 401 3714 3715 922
360 3716 953 3717 3718 986
855 3719 897 3720 3721 715
429 3722 532 3723 3724 422
816 3725 513 3726 3727 651
542 3728 816 3729 3730 172
776 3731 513 3732 3733 816
896 3734 776 3735 3736 816
897 3737 896 3738 3739 542
223 3740 897 3741 3742 542
855 3743 509 3744 3745 897
897 3746 509 3747 3748 896
630 3749 394 3750 3751 776
328 3752 785 3753 3754 867
897 3755 223 3756 3757 715
630 3758 776 3759 3760 896
172 3761 760 3762 3763 542
338 3764 1021 3765 3766 162
163 3767 389 3768 3769 950
246 3770 593 3771 3772 786
381 3773 774 3774 3775 471
1095 3776 381 3777 3778 368
611 3779 724 3780 3781 804
901 3782 911 3783 3784 242
383 3785 530 3786 3787 911
750 3788 277 3789 3790 582
883 3791 1037 3792 3793 750
208 3794 963 3795 3796 1037
397 3797 901 3798 3799 242
134 7178 133 7179 7180 397
1006 3800 774 3801 3802 921
972 3803 132 3804 3805 1078
397 3806 972 3807 3808 901
133 7175 132 7176 7177 972
1070 3809 306 3810 3811 774
630 3812 280 3813 3814 219
406 3815 776 3816 3817 394
509 3818 954 3819 3820 630
824 3821 1021 3822 3823 563
532 3824 557 3825 3826 954
422 3827 532 3828 3829 509
429 3830 283 3831 3832 724
471 3833 271 3834 3835 298
482 3836 845 3837 3838 298
368 3839 381 3840 3841 471
219 3842 394 3843 3844 630
445 3845 195 3846 3847 293
263 3848 445 3849 3850 917
949 3851 699 3852 3853 195
263 3854 949 3855 3856 445
263 3857 892 3858 3859 949
123 7145 122 7146 7147 761
240 3860 324 3861 3862 543
121 3863 488 3864 3865 761
935 3866 181 3867 3868 690
324 3869 935 3870 3871 639
179 3872 181 3873 3874 935
689 3875 889 3876 3877 217
760 3878 223 3879 3880 542
604 3881 760 3882 3883 172
722 3884 223 3885 3886 760
469 3887 722 3888 3889 289
469 3890 679 3891 3892 722
786 3893 1021 3894 3895 338
246 3896 786 3897 3898 338
786 3899 563 3900 3901 1021
715 3902 558 3903 3904 613
326 3905 877 3906 3907 613
223 3908 518 3909 3910 715
958 3911 474 3912 3913 907
399 3914 958 3915 3916 367
632 3917 474 3918 3919 958
846 3920 632 3921 3922 399
613 3923 846 3924 3925 326
613 3926 865 3927 3928 846
865 3929 194 3930 3931 632
846 3932 865 3933 3934 632
613 3935 558 3936 3937 865
810 3938 240 3939 3940 488
935 3941 324 3942 3943 1030
416 3944 690 3945 3946 181
251 3947 645 3948 3949 639
949 3950 195 3951 3952 445
645 3953 699 3954 3955 543
645 3956 825 3957 3958 699
639 3959 645 3960 3961 543
251 3962 490 3963 3964 825
761 3965 263 3966 3967 123
122 7142 121 7143 7144 761
240 3968 543 3969 3970 892
917 3971 124 3972 3973 263
917 3974 1063 3975 3976 125
1092 3977 536 3978 3979 259
195 3980 1092 3981 3982 293
585 3983 536 3984 3985 1092
699 3986 825 3987 3988 195
482 3989 536 3990 3991 585
838 3992 286 3993 3994 127
780 3995 838 3996 3997 413
286 3998 735 3999 4000 700
780 4001 912 4002 4003 838
780 4004 259 4005 4006 912
1063 4007 293 4008 4009 413
126 4010 1063 4011 4012 413
917 4013 293 4014 4015 1063
125 7151 124 7152 7153 917
445 4016 293 4017 4018 917
413 4019 838 4020 4021 127
126 7154 125 7155 7156 1063
912 4022 259 4023 4024 735
293 4025 780 4026 4027 413
293 4028 1092 4029 4030 780
128 7160 127 7161 7162 286
127 7157 126 7158 7159 413
1090 4031 575 4032 4033 271
306 4034 1090 4035 4036 271
735 4037 259 4038 4039 1090
130 7166 129 7167 7168 222
222 4040 321 4041 4042 1078
778 4043 174 4044 4045 252
199 4046 750 4047 4048 977
277 4049 174 4050 4051 582
383 4052 1095 4053 4054 208
277 4055 1027 4056 4057 174
963 4058 853 4059 4060 590
1037 4061 963 4062 4063 277
208 4064 853 4065 4066 963
283 4067 593 4068 4069 775
972 4070 397 4071 4072 133
1037 4073 277 4074 4075 750
1018 4076 570 4077 4078 137
847 4079 1018 4080 4081 522
199 4082 570 4083 4084 1018
301 4085 886 4086 4087 879
296 4088 520 4089 4090 187
886 4091 483 4092 4093 599
321 4094 222 4095 4096 730
132 7172 131 7173 7174 1078
222 4097 1078 4098 4099 131
757 4100 972 4101 4102 1078
225 4103 160 4104 4105 187
743 4106 778 4107 4108 252
847 4109 242 4110 4111 883
1018 4112 847 4113 4114 199
522 4115 1031 4116 4117 847
136 7184 135 7185 7186 522
135 7181 134 7182 7183 1031
1031 4118 134 4119 4120 397
522 4121 1018 4122 4123 136
748 4124 170 4125 4126 599
998 4127 950 4128 4129 389
24 7241 153 7242 7243 937
870 4130 389 4131 4132 622
183 4133 1083 4134 4135 711
998 4136 338 4137 4138 950
1062 4139 998 4140 4141 862
711 4142 1062 4143 4144 862
713 4145 998 4146 4147 1062
713 4148 246 4149 4150 998
849 4151 861 4152 4153 506
506 4154 239 4155 4156 396
681 4157 447 4158 4159 1023
874 4160 681 4161 4162 362
1035 4163 874 4164 4165 362
233 4166 937 4167 4168 874
318 4169 447 4170 4171 681
862 4172 894 4173 4174 711
362 4175 681 4176 4177 441
318 4178 878 4179 4180 447
506 4181 396 4182 4183 459
849 4184 506 4185 4186 459
602 4187 849 4188 4189 461
602 4190 1016 4191 4192 861
441 4193 239 4194 4195 506
622 4196 538 4197 4198 396
870 4199 622 4200 4201 239
441 4202 1023 4203 4204 239
862 4205 389 4206 4207 870
163 4208 538 4209 4210 622
833 4211 387 4212 4213 315
586 4214 637 4215 4216 864
601 4217 347 4218 4219 683
864 4220 637 4221 4222 347
833 4223 864 4224 4225 601
833 4226 920 4227 4228 864
812 4229 180 4230 4231 492
586 4232 812 4233 4234 637
586 4235 661 4236 4237 812
227 4238 683 4239 4240 347
433 4241 387 4242 4243 442
538 4244 433 4245 4246 442
239 4247 622 4248 4249 396
163 4250 433 4251 4252 538
951 4253 340 4254 4255 720
163 4256 574 4257 4258 433
163 4259 340 4260 4261 574
160 7262 18 7263 7264 296
879 4262 185 4263 4264 809
187 4265 879 4266 4267 225
599 4268 185 4269 4270 879
886 4271 599 4272 4273 879
252 4274 886 4275 4276 301
252 4277 483 4278 4279 886
483 4280 748 4281 4282 599
879 4283 158 4284 4285 225
346 4286 234 4287 4288 17
141 4289 625 4290 4291 346
782 4292 18 4293 4294 320
426 4295 782 4296 4297 320
527 4298 311 4299 4300 782
570 4301 500 4302 4303 138
137 7187 136 7188 7189 1018
199 4304 512 4305 4306 570
140 7196 139 7197 7198 405
1064 4307 196 4308 4309 517
625 4310 1096 4311 4312 517
791 4313 857 4314 4315 1064
778 4316 743 4317 4318 857
857 4319 743 4320 4321 616
977 4322 778 4323 4324 512
199 4325 977 4326 4327 512
750 4328 582 4329 4330 977
582 4331 174 4332 4333 778
252 4334 417 4335 4336 743
417 4337 196 4338 4339 616
1064 4340 1096 4341 4342 791
1096 4343 625 4344 4345 453
791 4346 1096 4347 4348 405
1064 4349 517 4350 4351 1096
311 4352 517 4353 4354 196
1096 4355 453 4356 4357 405
527 4358 625 4359 4360 517
527 4361 578 4362 4363 625
141 7199 140 7200 7201 453
725 4364 138 4365 4366 500
1027 4367 623 4368 4369 523
963 4370 1027 4371 4372 277
590 4373 623 4374 4375 1027
1027 4376 523 4377 4378 174
283 4379 775 4380 4381 590
775 4382 638 4383 4384 623
590 4385 775 4386 4387 623
899 4388 713 4389 4390 1083
593 4391 899 4392 4393 775
593 4394 246 4395 4396 899
748 4397 483 4398 4399 174
485 4400 748 4401 4402 523
485 4403 170 4404 4405 748
851 4406 170 4407 4408 485
499 4409 881 4410 4411 1033
851 4412 648 4413 4414 170
893 4415 856 4416 4417 851
881 4418 893 4419 4420 851
1081 4421 323 4422 4423 937
154 7247 155 7248 7249 910
893 4424 988 4425 4426 856
1081 4427 327 4428 4429 323
856 4430 988 4431 4432 910
893 4433 327 4434 4435 988
748 4436 174 4437 4438 523
185 4439 599 4440 4441 170
252 4442 174 4443 4444 483
520 4445 311 4446 4447 196
1064 4448 616 4449 4450 196
725 4451 944 4452 4453 405
500 4454 512 4455 4456 857
857 4457 512 4458 4459 778
1064 4460 857 4461 4462 616
791 4463 944 4464 4465 857
301 4466 417 4467 4468 252
520 4469 296 4470 4471 311
301 4472 520 4473 4474 417
301 4475 187 4476 4477 520
160 4478 296 4479 4480 187
520 4481 196 4482 4483 417
18 4484 311 4485 4486 296
578 4487 426 4488 4489 234
346 4490 578 4491 4492 234
527 4493 782 4494 4495 578
142 7205 141 7206 7207 346
517 4496 311 4497 4498 527
138 7190 137 7191 7192 570
512 4499 500 4500 4501 570
977 4502 582 4503 4504 778
847 4505 883 4506 4507 199
883 4508 530 4509 4510 1037
743 4511 417 4512 4513 616
139 7193 138 7194 7195 725
944 4514 725 4515 4516 500
857 4517 944 4518 4519 500
791 4520 405 4521 4522 944
405 4523 139 4524 4525 725
140 4526 405 4527 4528 453
18 4529 782 4530 4531 311
625 4532 141 4533 4534 453
18 7208 143 7209 7210 968
255 4535 320 4536 4537 205
255 4538 817 4539 4540 426
625 4541 578 4542 4543 346
782 4544 426 4545 4546 578
320 4547 255 4548 4549 426
329 4550 710 4551 4552 205
817 4553 234 4554 4555 426
710 4556 1099 4557 4558 255
15 6809 16 6810 6811 817
17 7202 142 7203 7204 346
968 4559 320 4560 4561 18
143 7211 144 7212 7213 1032
205 4562 320 4563 4564 968
329 4565 205 4566 4567 184
435 4568 329 4569 4570 184
215 4571 444 4572 4573 677
16 6812 17 6813 6814 234
205 4574 968 4575 4576 184
817 4577 16 4578 4579 234
463 4580 1032 4581 4582 144
255 4583 1099 4584 4585 817
1032 4586 184 4587 4588 968
143 4589 1032 4590 4591 968
463 4592 184 4593 4594 1032
144 7214 145 7215 7216 463
145 4595 733 4596 4597 463
710 4598 329 4599 4600 677
562 4601 1099 4602 4603 710
255 4604 205 4605 4606 710
680 4607 781 4608 4609 371
146 7220 147 7221 7222 209
15 4610 817 4611 4612 1099
562 4613 545 4614 4615 243
13 6803 14 6804 6805 1099
677 4616 545 4617 4618 562
562 4619 710 4620 4621 677
13 4622 1099 4623 4624 562
14 6806 15 6807 6808 1099
329 4625 215 4626 4627 677
781 4628 209 4629 4630 549
371 4631 781 4632 4633 549
733 4634 146 4635 4636 781
463 4637 733 4638 4639 680
146 4640 209 4641 4642 781
680 4643 371 4644 4645 435
184 4646 680 4647 4648 435
145 7217 146 7218 7219 733
385 4649 149 4650 4651 823
477 4652 209 4653 4654 475
716 4655 303 4656 4657 478
1020 4658 770 4659 4660 716
858 4661 535 4662 4663 717
549 4664 209 4665 4666 477
371 4667 549 4668 4669 303
781 4670 680 4671 4672 733
717 4673 444 4674 4675 215
680 4676 184 4677 4678 463
215 4679 435 4680 4681 371
215 4682 329 4683 4684 435
478 4685 303 4686 4687 549
1001 4688 478 4689 4690 477
385 4691 1001 4692 4693 477
284 4694 591 4695 4696 1001
591 4697 238 4698 4699 716
1001 4700 591 4701 4702 478
284 4703 964 4704 4705 797
770 4706 279 4707 4708 535
238 4709 1020 4710 4711 716
244 4712 279 4713 4714 770
1036 4715 243 4716 4717 552
96 7061 12 7062 7063 243
12 6800 13 6801 6802 562
147 7223 148 7224 7225 475
373 4718 969 4719 4720 257
716 4721 478 4722 4723 591
1080 4724 333 4725 4726 731
964 4727 1080 4728 4729 731
964 4730 526 4731 4732 1080
1001 4733 526 4734 4735 284
229 4736 843 4737 4738 526
1001 4739 229 4740 4741 526
1001 4742 385 4743 4744 229
549 4745 477 4746 4747 478
475 4748 385 4749 4750 477
147 4751 475 4752 4753 209
148 4754 385 4755 4756 475
148 7226 149 7227 7228 385
149 7229 150 7230 7231 823
151 7238 152 7239 7240 902
385 4757 823 4758 4759 229
150 7232 151 7233 7234 902
535 4760 336 4761 4762 444
858 4763 770 4764 4765 535
303 4766 858 4767 4768 717
716 4769 770 4770 4771 858
1103 4772 454 4773 4774 94
1036 4775 1103 4776 4777 95
957 4778 454 4779 4780 1103
535 4781 957 4782 4783 552
279 4784 454 4785 4786 957
704 4787 454 4788 4789 279
334 4790 704 4791 4792 244
443 4793 93 4794 4795 704
717 4796 535 4797 4798 444
303 4799 717 4800 4801 371
303 4802 716 4803 4804 858
279 4805 957 4806 4807 535
717 4808 215 4809 4810 371
552 4811 545 4812 4813 336
545 4814 677 4815 4816 444
336 4817 545 4818 4819 444
243 4820 12 4821 4822 562
902 4823 1087 4824 4825 843
823 4826 902 4827 4828 843
152 4829 204 4830 4831 1087
1087 4832 204 4833 4834 840
552 4835 243 4836 4837 545
535 4838 552 4839 4840 336
1036 4841 96 4842 4843 243
957 4844 1036 4845 4846 552
957 4847 1103 4848 4849 1036
95 7064 96 7065 7066 1036
961 4850 257 4851 4852 175
443 4853 556 4854 4855 92
556 4856 322 4857 4858 91
91 7049 92 7050 7051 556
443 4859 619 4860 4861 556
92 7052 93 7053 7054 443
619 4862 415 4863 4864 510
1020 4865 334 4866 4867 244
770 4868 1020 4869 4870 244
238 4871 811 4872 4873 1020
836 4874 811 4875 4876 238
834 4877 836 4878 4879 373
834 4880 533 4881 4882 836
419 4883 933 4884 4885 322
152 7235 19 7236 7237 204
704 4886 334 4887 4888 443
704 4889 279 4890 4891 244
93 7055 94 7056 7057 454
94 7058 95 7059 7060 1103
726 4892 834 4893 4894 332
1104 4895 533 4896 4897 1041
836 4898 238 4899 4900 573
373 4901 836 4902 4903 573
732 4904 415 4905 4906 811
938 4907 419 4908 4909 844
256 4910 938 4911 4912 411
213 4913 419 4914 4915 938
334 4916 1020 4917 4918 811
93 4919 454 4920 4921 704
419 4922 510 4923 4924 844
732 4925 811 4926 4927 533
797 4928 573 4929 4930 238
591 4931 797 4932 4933 238
591 4934 284 4935 4936 797
969 4937 731 4938 4939 175
797 4940 964 4941 4942 573
284 4943 526 4944 4945 964
257 4946 332 4947 4948 373
969 4949 175 4950 4951 257
573 4952 969 4953 4954 373
573 4955 964 4956 4957 969
186 4958 332 4959 4960 257
91 4961 322 4962 4963 933
19 6815 20 6816 6817 629
629 4964 428 4965 4966 721
843 4967 229 4968 4969 823
150 4970 902 4971 4972 823
333 4973 1080 4974 4975 843
1087 4976 333 4977 4978 843
152 4979 1087 4980 4981 902
840 4982 333 4983 4984 1087
686 4985 840 4986 4987 204
686 4988 927 4989 4990 840
843 4991 1080 4992 4993 526
961 4994 175 4995 4996 212
464 4997 1089 4998 4999 212
186 5000 257 5001 5002 961
719 5003 487 5004 5005 214
84 5006 719 5007 5008 541
85 5009 487 5010 5011 719
89 7043 90 7044 7045 933
728 5012 359 5013 5014 727
834 5015 726 5016 5017 1041
811 5018 836 5019 5020 533
373 5021 332 5022 5023 834
723 5024 359 5025 5026 726
745 5027 723 5028 5029 332
186 5030 745 5031 5032 332
634 5033 799 5034 5035 997
997 5036 799 5037 5038 1015
723 5039 997 5040 5041 765
745 5042 634 5043 5044 997
186 5045 641 5046 5047 745
281 5048 203 5049 5050 799
398 5051 719 5052 5053 214
619 5054 510 5055 5056 322
334 5057 619 5058 5059 443
334 5060 415 5061 5062 619
945 5063 481 5064 5065 411
850 5066 504 5067 5068 945
504 5069 996 5070 5071 993
619 5072 322 5073 5074 556
732 5075 510 5076 5077 415
334 5078 811 5079 5080 415
844 5081 411 5082 5083 938
533 5084 844 5085 5086 732
533 5087 1104 5088 5089 844
419 5090 322 5091 5092 510
732 5093 844 5094 5095 510
90 7046 91 7047 7048 933
213 5096 933 5097 5098 419
213 5099 89 5100 5101 933
559 5102 213 5103 5104 256
1014 5105 880 5106 5107 559
481 5108 1014 5109 5110 256
497 5111 941 5112 5113 1014
88 7040 89 7041 7042 559
559 5114 89 5115 5116 213
87 7037 88 7038 7039 880
256 5117 1014 5118 5119 559
941 5120 87 5121 5122 880
1014 5123 941 5124 5125 880
497 5126 487 5127 5128 941
487 5129 86 5130 5131 941
86 7034 87 7035 7036 941
398 5132 541 5133 5134 719
85 7031 86 7032 7033 487
82 7022 83 7023 7024 274
603 5135 507 5136 5137 248
978 5138 1075 5139 5140 290
835 5141 507 5142 5143 603
764 5144 859 5145 5146 740
78 7010 79 7011 7012 390
342 5147 871 5148 5149 390
79 7013 80 7014 7015 342
1094 5150 507 5151 5152 270
432 5153 1094 5154 5155 270
871 5156 1057 5157 5158 1094
507 5159 418 5160 5161 270
290 5162 603 5163 5164 248
330 5165 418 5166 5167 507
818 5168 363 5169 5170 278
1035 5171 1077 5172 5173 233
1067 5174 932 5175 5176 62
220 5177 1067 5178 5179 63
220 5180 465 5181 5182 1067
826 5183 275 5184 5185 81
274 5186 826 5187 5188 82
274 5189 290 5190 5191 826
655 5192 658 5193 5194 232
818 5195 740 5196 5197 363
800 5198 818 5199 5200 278
708 5201 740 5202 5203 818
390 5204 79 5205 5206 342
848 5207 168 5208 5209 393
581 5210 660 5211 5212 349
614 5213 168 5214 5215 508
1042 5216 606 5217 5218 693
64 5219 489 5220 5221 220
171 5222 496 5223 5224 606
617 5225 366 5226 5227 544
189 5228 617 5229 5230 449
189 5231 966 5232 5233 617
655 5234 913 5235 5236 554
918 5237 366 5238 5239 860
168 5240 544 5241 5242 173
168 5243 449 5244 5245 544
789 5246 655 5247 5248 232
423 5249 789 5250 5251 567
913 5252 701 5253 5254 554
983 5255 913 5256 5257 789
423 5258 983 5259 5260 789
498 5261 885 5262 5263 983
1055 5264 885 5265 5266 860
73 6995 74 6996 6997 976
976 5267 647 5268 5269 73
800 5270 976 5271 5272 434
800 5273 854 5274 5275 976
708 5276 818 5277 5278 434
278 5279 269 5280 5281 800
587 5282 529 5283 5284 1025
75 7001 76 7002 7003 708
269 5285 832 5286 5287 854
74 6998 75 6999 7000 434
617 5288 544 5289 5290 449
451 5291 314 5292 5293 439
436 5294 618 5295 5296 973
697 5297 1017 5298 5299 808
273 5300 973 5301 5302 451
305 5303 1017 5304 5305 697
1008 5306 455 5307 5308 842
1044 5309 633 5310 5311 1008
344 5312 667 5313 5314 633
455 5315 802 5316 5317 985
515 5318 272 5319 5320 479
1069 5321 939 5322 5323 357
1038 5324 665 5325 5326 295
646 5327 962 5328 5329 665
1038 5330 646 5331 5332 665
890 5333 1038 5334 5335 295
795 5336 975 5337 5338 1038
384 5339 746 5340 5341 692
476 5342 784 5343 5344 357
939 5345 665 5346 5347 692
357 5348 939 5349 5350 476
803 5351 665 5352 5353 939
784 5354 206 5355 5356 930
319 5357 784 5358 5359 476
319 5360 210 5361 5362 784
501 5363 265 5364 5365 378
848 5366 462 5367 5368 508
369 5369 1028 5370 5371 555
577 5372 372 5373 5374 718
1028 5375 577 5376 5377 943
667 5378 344 5379 5380 577
1028 5381 667 5382 5383 577
802 5384 455 5385 5386 633
364 5387 802 5388 5389 667
364 5390 985 5391 5392 802
744 5393 265 5394 5395 501
173 5396 744 5397 5398 393
173 5399 706 5400 5401 744
1057 5402 248 5403 5404 1094
342 5405 1057 5406 5407 871
275 5408 248 5409 5410 1057
80 7016 81 7017 7018 275
81 7019 82 7020 7021 826
432 5411 270 5412 5413 658
859 5414 432 5415 5416 291
1094 5417 248 5418 5419 507
859 5420 871 5421 5422 432
342 5423 80 5424 5425 275
747 5426 966 5427 5428 189
966 5429 395 5430 5431 366
617 5432 966 5433 5434 366
747 5435 626 5436 5437 966
529 5438 414 5439 5440 1102
414 5441 395 5442 5443 626
1102 5444 414 5445 5446 626
705 5447 1102 5448 5449 626
705 5450 891 5451 5452 1102
891 5453 529 5454 5455 1102
583 5456 891 5457 5458 164
1040 5459 796 5460 5461 1025
529 5462 1040 5463 5464 1025
583 5465 71 5466 5467 1040
1040 5468 71 5469 5470 796
269 5471 554 5472 5473 612
554 5474 402 5475 5476 495
529 5477 587 5478 5479 414
859 5480 390 5481 5482 871
740 5483 859 5484 5485 291
764 5486 390 5487 5488 859
946 5489 232 5490 5491 418
567 5492 946 5493 5494 752
789 5495 232 5496 5497 946
913 5498 655 5499 5500 789
1055 5501 860 5502 5503 701
913 5504 1055 5505 5506 701
983 5507 885 5508 5509 1055
913 5510 983 5511 5512 1055
631 5513 885 5514 5515 498
631 5516 706 5517 5518 885
366 5519 395 5520 5521 860
395 5522 612 5523 5524 701
554 5525 495 5526 5527 655
658 5528 495 5529 5530 363
232 5531 658 5532 5533 270
655 5534 495 5535 5536 658
612 5537 554 5538 5539 701
414 5540 612 5541 5542 395
414 5543 832 5544 5545 612
269 5546 402 5547 5548 554
402 5549 363 5550 5551 495
278 5552 402 5553 5554 269
363 5555 291 5556 5557 658
278 5558 363 5559 5560 402
291 5561 432 5562 5563 658
740 5564 291 5565 5566 363
76 7004 77 7005 7006 708
764 5567 78 5568 5569 390
708 5570 764 5571 5572 740
77 7007 78 7008 7009 764
434 5573 818 5574 5575 800
75 5576 708 5577 5578 434
708 5579 77 5580 5581 764
976 5582 74 5583 5584 434
583 5585 1040 5586 5587 891
72 6992 73 6993 6994 796
1040 5588 529 5589 5590 891
647 5591 1025 5592 5593 796
647 5594 587 5595 5596 1025
976 5597 854 5598 5599 647
832 5600 414 5601 5602 587
854 5603 832 5604 5605 587
647 5606 854 5607 5608 587
800 5609 269 5610 5611 854
269 5612 612 5613 5614 832
647 5615 796 5616 5617 73
71 6989 72 6990 6991 796
926 5618 583 5619 5620 164
875 5621 999 5622 5623 164
525 5624 69 5625 5626 926
70 6986 71 6987 6988 583
69 6983 70 6984 6985 926
772 5627 207 5628 5629 884
5 6866 33 6867 6868 772
365 5630 207 5631 5632 772
33 6869 34 6870 6871 365
34 5633 1086 5634 5635 644
747 5636 875 5637 5638 705
68 5639 525 5640 5641 292
68 6980 69 6981 6982 525
583 5642 926 5643 5644 70
999 5645 656 5646 5647 525
705 5648 875 5649 5650 164
747 5651 189 5652 5653 875
288 5654 644 5655 5656 1086
292 5657 171 5658 5659 66
67 6977 68 6978 6979 292
656 5660 456 5661 5662 1022
525 5663 656 5664 5665 292
999 5666 926 5667 5668 164
656 5669 999 5670 5671 875
525 5672 926 5673 5674 999
35 6875 36 6876 6877 1086
262 5675 1086 5676 5677 36
262 5678 288 5679 5680 1086
614 5681 449 5682 5683 168
660 5684 614 5685 5686 508
462 5687 660 5688 5689 508
581 5690 465 5691 5692 762
1022 5693 606 5694 5695 496
614 5696 762 5697 5698 1007
1042 5699 489 5700 5701 606
1007 5702 1042 5703 5704 693
465 5705 220 5706 5707 1042
1007 5708 762 5709 5710 1042
660 5711 762 5712 5713 614
660 5714 581 5715 5716 762
564 5717 581 5718 5719 349
202 5720 932 5721 5722 581
220 5723 489 5724 5725 1042
932 5726 1067 5727 5728 465
652 5729 189 5730 5731 449
1022 5732 693 5733 5734 606
656 5735 1022 5736 5737 496
456 5738 652 5739 5740 1022
189 5741 652 5742 5743 456
1042 5744 762 5745 5746 465
652 5747 1007 5748 5749 693
652 5750 614 5751 5752 1007
496 5753 292 5754 5755 656
652 5756 693 5757 5758 1022
449 5759 614 5760 5761 652
489 5762 579 5763 5764 606
171 5765 292 5766 5767 496
65 6971 66 6972 6973 171
66 6974 67 6975 6976 292
674 5768 1043 5769 5770 819
36 6878 37 6879 6880 262
37 6881 38 6882 6883 674
751 5771 228 5772 5773 40
370 5774 788 5775 5776 161
1072 5777 228 5778 5779 382
734 5780 1072 5781 5782 382
245 5783 1043 5784 5785 1072
936 5786 288 5787 5788 262
516 5789 672 5790 5791 746
207 5792 365 5793 5794 644
674 5795 262 5796 5797 37
821 5798 262 5799 5800 674
819 5801 821 5802 5803 674
994 5804 737 5805 5806 267
821 5807 994 5808 5809 936
819 5810 737 5811 5812 994
813 5813 737 5814 5815 245
994 5816 267 5817 5818 936
669 5819 420 5820 5821 900
378 5822 669 5823 5824 668
374 5825 420 5826 5827 669
788 5828 370 5829 5830 421
734 5831 788 5832 5833 466
734 5834 1019 5835 5836 788
161 5837 1039 5838 5839 1049
746 5840 671 5841 5842 210
746 5843 672 5844 5845 671
692 5846 746 5847 5848 319
384 5849 516 5850 5851 746
516 5852 267 5853 5854 672
34 6872 35 6873 6874 1086
936 5855 866 5856 5857 288
821 5858 936 5859 5860 262
267 5861 866 5862 5863 936
644 5864 365 5865 5866 34
309 5867 644 5868 5869 288
309 5870 207 5871 5872 644
579 5873 489 5874 5875 64
171 5876 579 5877 5878 65
171 5879 606 5880 5881 579
228 5882 1043 5883 5884 1079
985 5885 369 5886 5887 668
1079 5888 674 5889 5890 38
38 6884 39 6885 6886 1079
1043 5891 674 5892 5893 1079
1072 5894 1043 5895 5896 228
245 5897 819 5898 5899 1043
64 6968 65 6969 6970 579
39 6887 40 6888 6889 228
63 6965 64 6966 6967 220
40 6890 41 6891 6892 751
848 5900 555 5901 5902 565
168 5903 848 5904 5905 508
393 5906 555 5907 5908 848
564 5909 539 5910 5911 537
462 5912 564 5913 5914 349
431 5915 539 5916 5917 564
386 5918 916 5919 5920 300
749 5921 60 5922 5923 192
192 5924 61 5925 5926 932
60 6956 61 6957 6958 192
61 6959 62 6960 6961 932
41 6896 42 6897 6898 594
192 5927 537 5928 5929 749
42 6893 6 6894 6895 814
1039 5930 594 5931 5932 814
1019 5933 971 5934 5935 161
788 5936 1019 5937 5938 161
734 5939 382 5940 5941 1019
382 5942 751 5943 5944 971
751 5945 41 5946 5947 594
971 5948 751 5949 5950 594
382 5951 228 5952 5953 751
202 5954 537 5955 5956 192
58 6950 59 6951 6952 316
1039 5957 388 5958 5959 1049
971 5960 1039 5961 5962 161
814 5963 388 5964 5965 1039
42 5966 814 5967 5968 594
6 5969 388 5970 5971 814
685 5972 386 5973 5974 300
376 5975 521 5976 5977 670
55 6941 56 6942 6943 460
58 5978 316 5979 5980 916
393 5981 168 5982 5983 173
537 5984 202 5985 5986 581
564 5987 537 5988 5989 581
300 5990 539 5991 5992 431
316 5993 749 5994 5995 539
59 6953 60 6954 6955 749
539 5996 749 5997 5998 537
316 5999 59 6000 6001 749
62 6962 63 6963 6964 1067
581 6002 932 6003 6004 465
202 6005 192 6006 6007 932
670 6008 372 6009 6010 376
430 6011 521 6012 6013 376
779 6014 386 6015 6016 685
670 6017 779 6018 6019 685
460 6020 56 6021 6022 779
718 6023 300 6024 6025 431
670 6026 685 6027 6028 372
670 6029 460 6030 6031 779
56 6944 57 6945 6946 386
916 6032 316 6033 6034 300
57 6035 916 6036 6037 386
57 6947 58 6948 6949 916
869 6038 388 6039 6040 7
1054 6041 842 6042 6043 1049
904 6044 1054 6045 6046 1049
226 6047 1008 6048 6049 1054
1039 6050 971 6051 6052 594
6 6788 7 6789 6790 388
7 6791 8 6792 6793 869
511 6053 200 6054 6055 904
386 6056 779 6057 6058 56
11 6929 52 6930 6931 200
768 6059 339 6060 6061 200
52 6932 53 6933 6934 768
53 6062 839 6063 6064 768
842 6065 370 6066 6067 161
1049 6068 842 6069 6070 161
904 6071 1049 6072 6073 388
904 6074 339 6075 6076 1054
1008 6077 633 6078 6079 455
1054 6080 1008 6081 6082 842
1044 6083 376 6084 6085 344
226 6086 1044 6087 6088 1008
226 6089 430 6090 6091 1044
636 6092 869 6093 6094 8
8 6794 9 6795 6796 636
511 6095 904 6096 6097 869
768 6098 430 6099 6100 226
904 6101 388 6102 6103 869
339 6104 904 6105 6106 200
339 6107 226 6108 6109 1054
839 6110 54 6111 6112 521
52 6113 768 6114 6115 200
200 6116 511 6117 6118 11
9 6797 10 6798 6799 942
942 6119 636 6120 6121 9
1045 6122 805 6123 6124 942
982 6125 1045 6126 6127 440
982 6128 11 6129 6130 1045
11 6131 511 6132 6133 805
511 6134 869 6135 6136 636
942 6137 805 6138 6139 636
310 6140 1093 6141 6142 392
440 6143 1045 6144 6145 942
43 6902 44 6903 6904 341
10 6899 43 6900 6901 392
341 6146 392 6147 6148 43
1093 6149 440 6150 6151 942
392 6152 1093 6153 6154 942
310 6155 887 6156 6157 615
831 6158 350 6159 6160 702
182 6161 831 6162 6163 702
822 6164 505 6165 6166 1047
392 6167 942 6168 6169 10
753 6170 440 6171 6172 182
702 6173 753 6174 6175 182
97 7067 11 7068 7069 982
313 6176 940 6177 6178 753
313 6179 235 6180 6181 940
805 6182 511 6183 6184 636
1045 6185 11 6186 6187 805
753 6188 982 6189 6190 440
753 6191 940 6192 6193 982
982 6194 940 6195 6196 97
541 6197 978 6198 6199 84
978 6200 274 6201 6202 83
83 7025 84 7026 7027 978
541 6203 1075 6204 6205 978
996 6206 504 6207 6208 662
214 6209 993 6210 6211 398
214 6212 481 6213 6214 993
248 6215 275 6216 6217 826
290 6218 248 6219 6220 826
4 6857 31 6858 6859 410
158 7259 159 7260 7261 225
159 7265 160 7266 7267 225
187 6221 301 6222 6223 879
648 6224 185 6225 6226 170
809 6227 157 6228 6229 879
157 7256 158 7257 7258 879
648 6230 809 6231 6232 185
648 6233 970 6234 6235 809
156 7253 157 7254 7255 809
878 6236 198 6237 6238 447
605 6239 351 6240 6241 410
427 6242 605 6243 6244 410
1050 6245 561 6246 6247 276
898 6248 1050 6249 6250 755
898 6251 561 6252 6253 1050
605 6254 898 6255 6256 698
931 6257 792 6258 6259 769
427 6260 931 6261 6262 898
427 6263 1073 6264 6265 931
991 6266 698 6267 6268 663
31 6269 427 6270 6271 410
1073 6272 25 6273 6274 792
32 6275 1073 6276 6277 427
32 6860 1 6861 6862 1073
713 6278 899 6279 6280 246
899 6281 638 6282 6283 775
338 6284 998 6285 6286 246
1083 6287 499 6288 6289 638
1062 6290 1083 6291 6292 713
1062 6293 711 6294 6295 1083
600 6296 523 6297 6298 638
1021 6299 824 6300 6301 326
162 6302 1021 6303 6304 165
786 6305 352 6306 6307 563
429 6308 563 6309 6310 352
422 6311 824 6312 6313 563
429 6314 422 6315 6316 563
283 6317 429 6318 6319 352
845 6320 368 6321 6322 471
736 6323 845 6324 6325 482
979 6326 611 6327 6328 804
736 6329 979 6330 6331 845
736 6332 557 6333 6334 979
532 6335 724 6336 6337 611
804 6338 1095 6339 6340 368
979 6341 804 6342 6343 368
924 6344 283 6345 6346 853
208 6347 1095 6348 6349 853
724 6350 283 6351 6352 924
715 6353 518 6354 6355 558
600 6356 638 6357 6358 499
352 6359 593 6360 6361 283
352 6362 786 6363 6364 593
1017 6365 166 6366 6367 808
1061 6368 1017 6369 6370 305
675 6371 216 6372 6373 1017
703 6374 261 6375 6376 610
981 6377 960 6378 6379 276
738 6380 960 6381 6382 815
914 6383 907 6384 6385 960
958 6386 907 6387 6388 367
474 6389 709 6390 6391 907
474 6392 1050 6393 6394 709
474 6395 755 6396 6397 1050
698 6398 898 6399 6400 755
663 6401 698 6402 6403 755
605 6404 427 6405 6406 898
194 6407 663 6408 6409 755
792 6836 25 6837 6838 26
756 6410 792 6411 6412 26
769 6413 561 6414 6415 931
276 6416 561 6417 6418 261
931 6419 1073 6420 6421 792
755 6422 474 6423 6424 194
276 6425 709 6426 6427 1050
981 6428 703 6429 6430 266
960 6431 981 6432 6433 815
276 6434 703 6435 6436 981
881 6437 183 6438 6439 878
327 6440 893 6441 6442 878
1033 6443 600 6444 6445 499
851 6446 1033 6447 6448 881
851 6449 485 6450 6451 1033
881 6452 499 6453 6454 183
523 6455 600 6456 6457 485
523 6458 623 6459 6460 638
638 6461 899 6462 6463 1083
808 6464 166 6465 6466 201
451 6467 808 6468 6469 314
451 6470 697 6471 6472 808
1015 6473 423 6474 6475 569
742 6476 618 6477 6478 423
697 6479 742 6480 6481 305
973 6482 273 6483 6484 519
697 6485 973 6486 6487 742
697 6488 451 6489 6490 973
436 6491 631 6492 6493 618
519 6494 436 6495 6496 973
446 6497 519 6498 6499 273
446 6500 265 6501 6502 519
918 6503 173 6504 6505 544
436 6506 706 6507 6508 631
265 6509 744 6510 6511 706
203 6512 806 6513 6514 995
387 6515 433 6516 6517 574
833 6518 601 6519 6520 387
609 6521 584 6522 6523 315
345 6524 920 6525 6526 833
442 6527 459 6528 6529 538
448 6530 227 6531 6532 347
464 6533 448 6534 6535 492
467 6536 1074 6537 6538 1089
721 6539 204 6540 6541 629
464 6542 777 6543 6544 666
927 6545 175 6546 6547 731
624 6548 428 6549 6550 547
163 6551 950 6552 6553 340
464 6554 180 6555 6556 1089
347 6557 492 6558 6559 448
347 6560 637 6561 6562 492
683 6563 442 6564 6565 601
459 6566 683 6567 6568 227
459 6569 442 6570 6571 683
461 6572 459 6573 6574 227
448 6575 642 6576 6577 959
861 6578 362 6579 6580 441
506 6581 861 6582 6583 441
849 6584 602 6585 6586 861
624 6587 602 6588 6589 461
1016 6590 362 6591 6592 861
547 6593 1016 6594 6595 602
547 6596 1003 6597 6598 1077
624 6599 547 6600 6601 602
959 6602 642 6603 6604 461
227 6605 959 6606 6607 461
227 6608 448 6609 6610 959
777 6611 464 6612 6613 212
927 6614 777 6615 6616 212
175 6617 927 6618 6619 212
731 6620 840 6621 6622 927
686 6623 721 6624 6625 992
992 6626 666 6627 6628 777
642 6629 448 6630 6631 666
461 6632 642 6633 6634 624
448 6635 464 6636 6637 666
21 6821 22 6822 6823 1077
428 6638 1003 6639 6640 547
428 6641 629 6642 6643 1003
396 6644 538 6645 6646 459
661 6647 281 6648 6649 634
180 6650 812 6651 6652 467
586 6653 281 6654 6655 661
347 6656 601 6657 6658 864
920 6659 806 6660 6661 586
864 6662 920 6663 6664 586
345 6665 806 6666 6667 920
878 6668 183 6669 6670 198
327 6671 878 6672 6673 318
878 6674 893 6675 6676 881
600 6677 1033 6678 6679 485
323 6680 327 6681 6682 318
1081 6683 937 6684 6685 153
910 6686 1081 6687 6688 154
988 6689 327 6690 6691 1081
809 6692 970 6693 6694 156
851 6695 856 6696 6697 648
856 6698 910 6699 6700 970
937 6701 233 6702 6703 24
153 7244 154 7245 7246 1081
323 6704 874 6705 6706 937
323 6707 318 6708 6709 681
1081 6710 910 6711 6712 988
155 7250 156 7251 7252 970
856 6713 970 6714 6715 648
910 6716 155 6717 6718 970
1023 6719 894 6720 6721 239
681 6722 1023 6723 6724 441
447 6725 894 6726 6727 1023
756 6833 26 6834 6835 2
404 6728 756 6729 6730 27
947 6731 841 6732 6733 551
712 6734 584 6735 6736 609
399 6737 712 6738 6739 609
367 6740 470 6741 6742 712
546 6743 345 6744 6745 584
609 6746 302 6747 6748 399
806 6749 281 6750 6751 586
492 6752 637 6753 6754 812
947 6755 792 6756 6757 756
561 6758 769 6759 6760 261
561 6761 898 6762 6763 931
23 6827 24 6828 6829 233
894 6764 870 6765 6766 239
198 6767 894 6768 6769 447
198 6770 711 6771 6772 894
1077 6773 23 6774 6775 233
1077 6776 1035 6777 6778 1016
21 6779 1077 6780 6781 1003
22 6824 23 6825 6826 1077
323 6782 681 6783 6784 874
461 6785 849 6786 6787 459
