2 3 3 2
3 3 5 1
4 3 5 2
5 3 6 2
17 2 18 1
18 2 19 1
15 2 20 1
17 3 21 1
21 3 23 1
9 2 24 1
17 1 24 2
16 2 24 3
16 3 25 1
7 1 25 3
26 1 28 3
13 3 30 2
12 2 31 1
16 1 31 2
10 1 31 3
10 3 32 2
39 3 40 2
37 2 46 3
11 3 47 3
11 1 48 3
9 3 49 3
53 3 54 2
57 2 58 1
62 2 63 1
50 2 64 1
51 1 64 3
51 2 66 1
61 3 67 1
53 2 68 1
51 3 68 2
52 3 70 2
68 3 71 2
72 1 73 2
72 3 74 1
76 3 78 2
79 2 84 3
83 1 86 3
85 3 87 1
83 3 87 2
83 2 88 1
88 2 89 1
82 1 89 3
87 3 91 1
92 2 93 1
78 1 95 1
75 1 97 1
73 3 97 3
84 2 99 2
86 1 99 3
100 2 101 1
101 2 102 1
77 2 103 1
85 1 103 2
85 2 104 1
102 3 104 2
99 1 104 3
70 1 105 1
96 1 106 3
106 2 107 1
77 3 107 3
96 2 108 1
103 3 108 2
91 3 108 3
96 3 109 2
92 3 109 3
91 2 111 1
60 1 112 1
56 3 112 3
115 3 117 1
20 3 121 2
123 3 125 1
127 3 128 2
127 2 129 1
115 1 129 2
115 2 130 1
130 2 131 1
117 3 133 2
126 3 135 2
128 1 135 3
139 1 140 3
144 3 146 1
15 3 146 3
135 1 148 2
128 3 149 1
149 3 150 2
125 3 151 1
148 1 151 2
151 3 153 1
123 2 157 2
123 1 158 1
161 2 162 1
124 1 162 2
157 1 162 3
159 2 163 1
157 3 163 2
156 2 167 1
132 2 168 2
131 3 168 3
131 2 169 2
127 1 169 3
171 3 172 2
171 1 173 3
18 3 175 2
15 1 175 3
119 2 178 3
144 1 179 1
121 1 179 2
179 3 180 2
118 3 181 1
119 1 181 2
134 3 181 3
143 2 182 2
142 3 182 3
142 1 183 1
141 2 183 2
141 1 184 1
184 3 185 2
142 2 186 2
185 1 190 3
195 3 197 1
194 3 198 1
196 3 200 1
197 2 200 3
191 1 201 1
196 1 202 2
202 3 203 2
195 2 203 3
2 1 205 2
205 3 206 2
36 1 206 3
2 2 207 1
4 1 207 3
208 3 210 1
29 3 210 3
36 2 211 1
3 1 211 2
29 1 212 1
211 3 212 2
209 1 213 2
208 2 213 3
215 3 216 2
222 2 223 1
226 3 227 2
228 2 229 1
231 2 232 1
230 3 233 2
122 3 235 3
122 2 236 2
238 3 239 2
229 2 239 3
238 2 240 1
100 3 240 2
110 1 240 3
229 3 241 1
110 3 241 2
78 3 241 3
243 2 244 1
38 2 245 2
38 1 246 1
246 3 247 2
228 1 249 2
249 3 250 2
134 2 251 2
149 2 251 3
134 1 252 1
120 1 252 2
150 3 252 3
148 3 253 1
150 1 253 2
231 3 254 2
153 2 255 1
41 2 257 2
40 3 258 1
242 1 259 2
256 1 259 3
262 2 263 1
265 3 266 2
268 3 269 2
261 1 274 3
278 3 280 1
283 3 284 2
282 3 285 2
284 1 285 3
279 1 286 3
289 3 290 2
290 1 292 2
290 3 293 1
293 2 294 1
288 2 297 3
288 3 299 1
226 1 300 2
225 3 300 3
227 1 301 2
301 1 302 3
227 3 303 1
301 3 304 1
102 2 305 1
79 3 305 3
222 1 308 2
221 2 308 3
307 3 309 1
221 1 309 2
306 3 310 1
224 2 312 1
314 3 315 2
316 2 317 1
315 1 318 3
315 3 319 3
312 3 323 1
317 3 323 3
323 2 324 1
313 3 324 2
318 2 324 3
238 1 326 1
247 1 327 3
219 3 328 1
224 3 328 3
225 1 329 1
302 2 329 2
221 3 329 3
224 1 330 1
225 2 330 2
222 3 330 3
42 3 331 3
41 3 333 1
42 2 333 2
258 2 333 3
42 1 334 1
258 3 335 1
334 3 335 2
43 2 335 3
44 3 336 2
274 2 338 2
337 3 339 1
260 3 339 2
340 2 341 1
332 1 341 3
332 3 342 2
339 3 343 1
275 1 344 1
276 2 344 2
271 3 344 3
260 1 345 1
273 1 345 3
338 3 346 1
272 2 346 2
273 2 347 1
346 3 347 2
262 3 348 2
264 1 348 3
261 2 349 1
337 2 349 3
264 3 350 1
337 1 350 2
265 1 350 3
334 2 351 2
340 1 351 3
343 2 352 1
340 3 352 2
342 1 352 3
332 2 353 1
353 3 354 2
342 3 356 2
354 1 356 3
354 3 357 2
348 1 358 2
266 1 358 3
246 2 359 1
244 3 359 2
359 3 360 2
44 2 360 3
244 2 361 1
40 1 361 2
336 3 362 1
361 3 362 2
43 1 362 3
349 2 363 1
338 1 363 2
345 2 363 3
273 3 364 1
43 3 364 2
260 2 365 1
364 3 365 2
351 1 365 3
247 3 367 1
311 3 368 3
368 2 369 1
44 1 369 2
366 1 369 3
366 3 370 2
372 3 374 1
311 1 374 2
370 1 374 3
370 3 375 2
375 3 376 3
376 2 377 1
248 1 379 1
242 3 379 2
242 2 380 1
41 1 380 2
39 2 380 3
379 3 381 1
39 1 381 2
243 1 381 3
375 1 382 2
257 3 383 2
259 1 383 3
248 2 384 1
384 2 385 1
243 3 385 2
38 3 385 3
245 1 386 2
239 1 386 3
249 1 387 1
384 3 387 2
386 1 387 3
11 2 388 1
14 1 388 2
49 2 388 3
383 1 389 1
48 1 389 2
395 2 396 1
216 3 397 1
392 3 397 2
397 3 398 2
399 1 401 2
353 2 401 3
341 2 403 1
331 2 403 2
331 1 404 1
257 1 404 2
403 3 405 1
393 1 405 2
396 2 406 1
394 3 406 2
214 3 406 3
398 1 407 1
399 2 407 2
401 1 408 1
405 3 408 2
395 3 408 3
207 2 411 2
355 3 414 2
357 1 414 3
413 3 416 2
357 3 417 3
391 1 418 1
390 2 418 2
391 2 419 3
419 2 420 1
420 2 421 1
355 1 423 2
414 1 424 2
417 1 426 1
399 3 426 2
425 3 427 1
426 3 427 2
415 3 428 1
400 3 428 3
425 2 429 1
416 3 429 2
400 1 430 1
427 3 430 2
398 3 430 3
410 3 432 1
412 2 432 3
431 3 433 1
412 1 433 2
412 3 434 1
285 1 436 2
291 3 436 3
284 3 437 1
295 2 437 2
291 1 438 1
437 3 438 2
294 3 438 3
293 3 439 1
295 1 439 2
443 3 445 1
442 2 446 1
444 1 447 2
443 2 447 3
402 1 449 1
390 3 449 2
392 1 449 3
392 2 450 1
391 3 450 2
400 2 450 3
429 3 451 1
424 3 451 2
417 2 451 3
376 1 452 1
336 1 453 2
347 3 453 3
275 2 454 1
272 3 454 2
274 1 454 3
270 3 455 2
271 1 455 3
452 3 456 2
271 2 457 1
456 3 457 2
272 1 457 3
296 1 458 2
263 3 459 1
299 3 460 1
292 1 460 2
292 3 461 1
439 3 461 2
296 2 461 3
460 3 462 1
458 1 462 2
263 2 463 2
264 2 464 1
459 3 464 2
261 3 464 3
262 1 465 2
268 1 465 3
462 3 466 1
463 1 467 1
458 3 467 2
296 3 468 1
468 2 469 1
295 3 469 2
278 1 469 3
280 3 470 2
467 3 471 1
276 1 472 1
455 1 472 3
471 3 473 1
275 3 473 2
459 2 473 3
289 2 474 1
278 2 475 1
283 2 475 2
286 1 475 3
471 2 476 1
276 3 476 3
389 3 477 1
37 3 477 2
46 2 478 1
395 1 478 2
393 3 478 3
477 3 479 1
393 2 479 2
404 3 479 3
321 3 480 1
279 2 481 2
277 3 483 1
484 3 485 2
283 1 485 3
322 2 486 3
325 3 488 1
487 3 488 2
487 2 489 1
480 3 489 2
486 1 489 3
488 3 490 1
322 1 490 2
322 3 491 1
492 3 494 1
495 2 496 1
490 3 496 2
492 1 496 3
495 3 497 1
494 3 497 2
472 2 498 1
470 3 498 2
470 1 499 1
476 2 499 2
468 3 499 3
482 1 500 1
280 2 500 2
279 3 500 3
481 3 501 1
481 1 504 2
480 2 504 3
503 3 505 1
321 2 505 2
505 3 506 2
325 2 507 2
316 1 507 3
453 1 508 1
452 2 508 2
366 2 508 3
485 1 509 1
282 2 509 2
483 3 509 3
282 1 510 1
281 2 510 2
491 2 511 3
502 2 512 1
503 1 512 3
498 3 513 2
482 3 513 3
503 2 514 1
482 2 514 2
504 1 514 3
320 3 515 1
487 1 515 2
507 1 515 3
492 2 516 1
491 3 516 2
317 2 517 1
219 1 517 3
517 2 518 1
219 2 519 1
518 3 519 2
456 1 520 1
270 2 520 2
270 1 521 1
513 1 521 2
512 2 521 3
520 3 522 1
502 1 522 2
377 2 522 3
502 3 523 1
506 1 523 2
378 3 523 3
506 3 524 1
319 2 524 3
524 2 525 1
321 1 525 2
320 2 525 3
318 1 526 1
320 1 526 2
316 3 526 3
378 1 527 1
319 1 527 2
371 2 528 3
367 3 529 2
311 2 529 3
527 3 530 1
371 3 531 1
373 1 531 2
372 2 531 3
530 3 532 1
372 1 532 2
382 1 532 3
382 3 533 1
377 3 533 2
378 2 533 3
371 1 534 1
530 2 534 2
314 2 534 3
288 1 535 1
466 3 535 2
538 3 540 1
277 1 541 2
510 3 541 3
544 3 545 1
277 2 545 3
545 2 546 1
493 3 546 3
547 3 548 2
483 2 549 1
493 2 549 2
486 2 550 1
501 3 550 2
511 1 550 3
501 2 551 1
286 2 551 2
484 2 551 3
511 2 552 1
484 1 552 2
549 3 552 3
325 1 553 1
495 1 553 2
518 2 553 3
289 1 554 2
299 2 554 3
555 3 557 1
493 1 558 1
548 1 558 2
516 3 558 3
548 3 559 1
494 2 559 3
556 1 560 3
560 2 561 1
555 2 561 2
556 2 562 1
542 1 562 2
281 1 562 3
563 2 564 1
547 1 564 2
546 2 564 3
542 3 565 1
544 1 565 2
541 1 565 3
291 2 567 3
556 3 570 3
436 1 571 1
568 3 571 2
440 3 572 2
440 2 573 1
572 3 574 1
566 3 576 2
576 3 577 2
294 2 578 1
474 3 578 2
567 1 578 3
579 2 580 1
574 3 580 2
579 3 581 1
287 1 581 2
567 2 582 1
581 3 582 2
568 1 582 3
563 3 583 1
544 2 583 2
543 3 583 3
543 1 584 1
542 2 584 2
561 3 584 3
557 3 585 1
585 2 586 1
586 3 587 2
474 2 588 1
579 1 588 3
588 2 589 1
441 1 589 2
572 1 589 3
287 2 590 1
580 3 590 2
287 3 591 1
577 1 591 2
569 2 591 3
577 3 592 1
587 3 592 3
281 3 594 1
571 3 594 2
570 1 594 3
570 2 595 1
593 1 595 3
595 2 596 1
568 2 596 2
569 1 596 3
593 2 597 1
569 3 597 2
586 2 597 3
560 1 598 1
593 3 598 2
557 2 598 3
448 3 599 2
448 2 600 1
575 2 600 3
575 1 601 2
574 2 601 3
206 1 606 1
606 3 608 1
611 1 612 1
609 3 612 2
573 2 614 2
444 2 614 3
573 3 615 1
599 3 615 2
601 1 615 3
445 2 616 1
442 3 616 3
440 1 618 2
443 1 619 2
610 1 620 3
620 2 621 1
613 3 621 2
617 1 621 3
610 2 622 1
617 3 622 2
619 1 622 3
610 3 624 3
446 3 625 2
628 3 630 1
625 3 631 2
536 3 632 2
631 3 633 2
633 3 634 2
446 2 634 3
634 1 635 1
298 2 635 2
631 1 636 2
630 2 636 3
630 3 637 1
633 1 637 2
536 2 637 3
628 1 639 1
639 3 640 2
611 2 642 2
624 2 642 3
619 3 643 1
643 2 644 1
627 3 644 3
644 2 645 1
445 3 645 2
627 1 646 1
626 2 646 3
643 3 650 2
647 1 650 3
647 3 652 2
652 3 653 2
651 3 654 2
653 1 654 3
651 1 655 3
647 2 656 1
627 2 656 2
646 2 657 1
645 3 657 2
625 1 657 3
658 1 659 3
626 1 661 1
660 3 662 2
662 3 663 2
653 3 663 3
650 1 664 1
649 2 664 2
624 1 664 3
649 1 665 1
648 2 665 2
642 1 666 1
665 3 666 2
654 1 667 3
655 2 668 1
648 3 668 3
652 1 669 1
651 2 669 2
649 3 669 3
670 1 671 2
670 2 672 1
674 3 675 2
671 3 676 2
674 1 676 3
673 2 678 1
676 1 678 3
675 1 679 3
680 2 681 1
682 3 683 1
641 1 683 3
659 2 684 1
675 3 684 2
660 1 684 3
641 2 685 1
658 3 685 2
629 2 685 3
641 3 689 2
628 2 690 1
638 2 690 2
629 1 690 3
680 1 691 2
682 2 692 1
686 3 693 2
688 1 693 3
680 3 694 2
688 3 695 1
689 1 695 3
629 3 696 1
626 3 696 2
636 1 696 3
688 2 701 1
694 1 701 3
697 2 702 1
673 1 703 2
679 1 704 1
692 3 704 3
704 2 705 1
659 1 705 2
683 2 705 3
694 3 706 1
682 1 706 2
695 2 706 3
677 1 708 1
692 2 708 2
681 3 708 3
707 3 709 1
681 2 709 2
707 2 710 1
703 3 710 2
677 2 710 3
711 2 712 1
707 1 712 3
691 1 714 1
713 3 714 2
662 1 715 1
661 2 715 2
658 2 715 3
673 3 716 1
679 2 716 2
677 3 716 3
656 3 717 1
661 3 717 2
663 1 717 3
660 2 718 1
667 1 718 3
667 2 719 2
672 3 719 3
718 2 720 1
674 2 720 2
670 3 720 3
655 1 721 1
719 1 721 2
713 1 724 2
687 2 724 3
709 3 725 1
714 3 725 2
713 2 726 1
723 1 726 3
725 3 727 1
723 3 727 2
711 3 727 3
724 1 728 1
729 3 731 1
730 2 732 1
728 2 734 3
736 2 737 1
538 1 740 3
538 2 741 2
740 2 742 1
741 3 743 1
743 2 744 1
689 3 747 1
638 1 747 2
640 1 748 2
747 3 749 1
693 1 749 3
749 2 750 1
697 3 750 2
702 3 751 1
746 1 751 3
746 3 752 2
687 1 753 1
686 2 753 2
686 1 754 1
750 3 754 2
752 1 754 3
698 2 755 1
752 3 755 2
746 2 756 1
745 3 756 2
745 2 757 1
700 2 758 1
699 3 758 2
757 3 759 2
759 3 760 2
738 3 760 3
691 3 761 1
701 2 761 2
687 3 761 3
540 2 762 2
539 3 762 3
748 3 763 3
763 2 764 1
743 3 764 2
702 2 764 3
748 1 765 1
697 1 765 2
638 3 765 3
539 2 766 1
640 3 766 2
537 1 767 1
639 2 768 2
536 1 768 3
767 3 769 1
632 1 769 2
632 3 770 1
635 3 770 2
297 2 771 1
298 1 771 2
298 3 772 1
442 1 772 2
771 3 773 1
441 2 773 2
554 1 773 3
770 3 774 1
297 1 774 2
267 1 775 1
535 3 775 3
767 2 777 1
766 3 777 2
768 1 777 3
775 2 778 1
774 3 778 3
441 3 779 1
772 3 779 2
618 3 779 3
269 1 780 1
267 3 780 3
769 3 781 2
778 2 781 3
465 1 782 1
267 2 782 2
757 2 783 1
731 2 784 2
730 3 784 3
732 3 785 2
739 2 789 2
786 2 790 1
785 3 790 2
787 1 790 3
738 1 792 1
783 3 792 2
785 1 792 3
732 2 793 1
787 2 793 3
793 2 794 1
791 2 796 1
786 3 796 2
788 1 796 3
797 1 798 3
729 1 799 1
799 2 800 1
803 2 806 3
798 2 807 2
806 1 807 3
799 3 808 2
805 3 809 1
803 3 809 2
806 2 810 1
808 3 810 2
801 1 810 3
809 3 811 1
801 3 811 2
814 3 816 1
816 2 817 1
815 1 818 3
820 3 824 2
823 3 825 1
821 1 826 3
827 3 829 2
829 3 831 1
833 3 834 2
838 3 839 2
733 1 840 1
783 2 841 1
733 2 841 2
784 1 841 3
730 1 842 1
729 2 842 2
795 2 843 1
794 3 843 2
797 3 843 3
794 2 844 1
842 3 844 2
801 2 845 1
802 1 845 3
844 3 846 1
808 1 846 2
798 1 846 3
788 2 847 1
787 3 847 2
795 1 847 3
820 2 851 3
835 3 852 1
814 2 852 2
828 3 853 1
823 1 853 2
830 3 853 3
823 2 854 1
822 3 854 2
824 1 854 3
830 1 855 1
827 2 855 3
848 1 856 3
850 3 857 3
744 2 861 2
742 3 861 3
740 1 862 1
836 3 862 2
838 1 863 1
837 2 863 2
862 3 864 2
864 3 865 2
836 2 866 1
863 3 867 1
865 1 867 2
869 2 870 1
804 1 872 1
871 1 872 3
873 3 875 1
829 1 880 1
881 3 882 2
881 2 883 1
858 3 886 2
817 3 887 1
851 1 887 3
886 3 888 1
819 3 888 2
813 3 889 3
886 1 890 2
875 3 891 1
866 2 891 3
876 1 892 2
866 3 893 1
889 1 893 2
865 3 893 3
813 1 895 1
895 3 896 2
860 1 896 3
742 2 897 1
864 1 897 2
837 1 897 3
751 2 898 1
744 3 898 2
861 1 899 1
840 2 899 3
898 3 900 1
733 3 900 2
745 1 900 3
840 3 901 1
731 3 901 3
735 2 902 3
902 2 903 1
722 2 903 3
903 2 904 1
722 3 905 1
728 3 905 3
739 3 906 1
700 3 906 3
735 3 907 1
722 1 907 2
700 1 908 1
907 3 908 2
905 2 909 1
904 3 909 2
726 2 909 3
908 3 910 1
734 2 910 2
906 2 911 1
737 3 911 2
735 1 911 3
734 1 912 1
753 3 912 2
698 1 912 3
759 1 913 1
699 2 913 2
699 1 914 1
910 3 914 2
698 3 914 3
913 3 915 1
755 3 915 2
756 3 915 3
786 1 916 1
789 3 916 2
738 2 916 3
789 1 917 1
791 1 917 2
736 3 917 3
760 1 918 1
739 1 918 2
758 3 918 3
433 3 919 2
877 2 920 3
781 1 921 1
780 2 921 2
269 3 922 1
776 1 922 3
921 3 923 1
537 2 923 3
923 2 924 1
776 3 924 2
776 2 925 1
925 2 926 1
919 3 927 2
434 3 927 3
435 2 928 1
925 3 928 2
927 1 928 3
539 1 930 1
741 1 930 2
763 1 930 3
919 1 931 2
926 3 931 3
924 3 932 1
435 1 932 2
929 2 932 3
922 2 933 2
608 3 934 2
602 3 935 3
821 3 937 1
831 3 937 3
880 2 938 3
883 2 939 1
857 1 940 1
830 2 940 3
857 2 941 1
827 1 941 2
856 1 941 3
849 1 943 2
848 2 944 2
940 2 945 1
833 2 945 2
831 2 947 1
855 2 947 2
825 3 947 3
828 1 949 1
945 3 949 2
948 3 950 1
826 1 951 1
825 2 951 2
824 3 951 3
836 1 952 1
873 1 952 3
929 1 953 1
762 1 953 2
537 3 953 3
873 2 954 1
435 3 954 2
874 1 954 3
875 2 956 1
874 3 956 2
876 2 956 3
874 2 957 1
434 2 957 2
920 1 957 3
877 3 958 2
858 1 959 1
885 3 959 2
821 2 959 3
885 1 960 1
890 1 960 2
937 2 961 1
938 1 961 3
929 3 962 1
952 2 962 2
540 3 962 3
870 2 965 3
964 3 966 2
870 3 967 1
966 3 967 2
871 2 967 3
868 3 969 1
802 2 969 3
804 2 970 1
805 1 970 3
839 1 971 2
839 3 972 1
868 1 972 2
971 3 973 1
800 2 973 2
901 2 973 3
782 3 974 1
466 2 974 2
463 3 974 3
926 2 975 1
933 1 975 2
933 3 976 1
268 2 976 2
358 1 976 3
975 3 977 1
266 3 977 2
423 1 977 3
265 2 978 1
343 3 978 2
355 2 979 1
978 3 979 2
356 1 979 3
934 3 980 1
980 2 981 1
936 2 981 3
955 1 982 1
980 3 982 2
431 1 983 2
431 2 984 1
410 1 984 3
931 1 985 2
423 3 985 3
27 1 987 2
8 1 987 3
986 3 988 1
8 3 988 2
409 2 988 3
8 2 989 1
6 3 989 2
4 2 990 1
984 2 990 2
990 3 991 2
409 3 992 1
413 1 992 3
992 2 993 1
989 3 993 2
991 1 993 3
413 2 994 1
991 3 994 2
983 1 994 3
804 3 995 1
811 3 995 2
802 3 995 3
845 2 996 1
800 3 996 2
972 3 996 3
971 1 997 1
899 2 997 2
837 3 997 3
838 2 998 2
894 1 998 3
963 3 999 1
966 1 999 2
965 2 999 3
869 1 1000 1
1000 3 1001 2
894 3 1001 3
1000 2 1002 1
868 2 1002 2
998 1 1002 3
813 2 1003 1
894 2 1003 2
867 3 1003 3
623 3 1004 1
968 1 1004 2
871 3 1004 3
968 3 1005 1
970 2 1005 3
869 3 1006 1
872 2 1006 2
969 2 1006 3
623 1 1007 1
964 2 1007 2
888 3 1009 1
859 1 1009 2
963 1 1010 2
860 3 1010 3
1009 3 1011 1
860 2 1011 2
896 1 1012 1
965 1 1012 2
1001 1 1012 3
1011 3 1013 1
895 2 1013 2
890 3 1013 3
815 2 1014 3
817 2 1016 1
835 2 1016 2
818 2 1016 3
815 3 1017 1
1015 3 1017 2
1017 3 1018 2
859 2 1018 3
1019 2 1020 1
1019 3 1021 1
1008 3 1021 2
1008 2 1022 1
1007 3 1022 3
1021 3 1023 1
964 1 1023 2
963 2 1023 3
1014 2 1024 1
1015 1 1024 3
1020 3 1025 1
1008 1 1025 3
818 1 1026 2
1018 1 1026 3
1015 2 1027 1
1019 1 1027 2
859 3 1028 1
1027 3 1028 2
1010 1 1028 3
1014 1 1029 2
835 1 1029 3
1024 2 1030 1
1020 2 1030 3
858 2 1031 1
819 1 1031 3
1031 2 1032 1
826 2 1032 2
851 2 1032 3
819 2 1033 1
887 2 1033 2
1026 1 1033 3
814 1 1034 1
812 3 1034 2
822 2 1035 1
849 2 1037 3
942 1 1038 2
856 2 1039 2
880 3 1039 3
1038 3 1040 2
878 1 1041 1
884 2 1041 2
944 1 1042 3
1041 3 1043 1
944 3 1043 2
946 1 1045 1
950 2 1045 2
949 3 1045 3
942 3 1046 1
943 1 1046 2
1042 2 1046 3
1047 3 1049 1
816 3 1053 1
820 1 1053 2
1035 3 1053 3
948 1 1054 3
1054 2 1055 1
812 1 1055 2
1035 2 1055 3
948 2 1056 1
822 1 1056 2
828 2 1056 3
1036 2 1058 1
850 2 1059 1
834 3 1059 3
1049 2 1060 2
1048 3 1060 3
834 1 1061 1
1048 2 1061 2
832 3 1061 3
832 1 1062 3
832 2 1063 2
946 2 1064 1
833 1 1064 2
1063 1 1064 3
1062 1 1065 2
1048 1 1065 3
935 1 1067 1
607 1 1067 2
602 2 1069 1
604 3 1070 2
605 2 1070 3
608 2 1071 1
1067 3 1071 2
607 3 1072 1
1072 2 1073 1
1072 3 1074 1
1074 3 1075 2
1079 2 1080 1
35 2 1080 2
34 3 1080 3
34 2 1081 2
1078 3 1082 1
1073 2 1083 2
603 3 1083 3
1079 1 1084 3
1082 3 1085 2
1077 2 1086 3
1086 2 1087 1
1076 2 1087 3
1077 3 1090 1
1069 2 1092 3
1090 3 1093 2
1069 3 1094 1
603 1 1094 2
607 2 1094 3
1091 3 1095 1
602 1 1095 2
208 1 1096 1
26 3 1096 2
1097 1 1099 3
1100 3 1101 2
188 2 1102 1
1097 3 1103 2
186 1 1104 1
1103 3 1104 2
1098 1 1105 1
187 2 1106 1
1106 2 1107 1
1091 2 1108 1
1077 1 1108 2
1092 1 1108 3
1107 3 1109 1
1095 3 1109 2
36 3 1110 1
210 2 1110 2
209 3 1110 3
1109 3 1111 2
209 2 1112 1
1111 3 1112 2
1057 2 1115 2
1114 3 1116 1
1116 2 1117 1
1050 1 1117 2
1052 2 1117 3
1050 3 1118 1
1052 3 1119 1
1118 3 1119 2
1066 2 1120 1
1052 1 1120 2
1115 1 1121 2
1124 2 1125 1
1047 2 1128 1
1065 1 1128 3
1049 3 1129 2
1058 3 1134 3
1134 1 1135 3
1136 2 1137 1
1129 3 1137 2
1037 2 1137 3
1037 1 1138 2
942 2 1138 3
1036 3 1139 1
1038 1 1139 3
1058 2 1140 2
1133 2 1142 2
1132 3 1143 3
1142 1 1144 3
1132 1 1145 1
1142 3 1145 2
1131 2 1145 3
1131 1 1146 1
1144 1 1147 2
1143 2 1147 3
1132 2 1148 1
1148 3 1149 2
1127 1 1151 1
1040 3 1153 1
1042 1 1153 2
884 1 1153 3
1152 3 1154 1
884 3 1154 2
1040 1 1155 2
1152 2 1155 3
878 3 1156 2
1044 2 1156 3
1157 2 1158 1
1154 3 1158 2
1156 1 1158 3
1044 1 1160 2
1160 3 1161 2
936 3 1161 3
1120 3 1162 3
1066 3 1164 1
1163 3 1164 2
1164 3 1165 1
1165 3 1167 2
1168 2 1169 1
1168 3 1172 2
1170 3 1173 2
1172 1 1174 3
1172 3 1175 2
1155 1 1176 1
1163 1 1176 2
1162 2 1176 3
1066 1 1177 1
1116 3 1177 3
1162 1 1178 1
1119 3 1178 2
1036 1 1178 3
1146 2 1179 1
1141 1 1180 1
1131 3 1180 2
1136 1 1183 1
1134 2 1183 2
1182 1 1183 3
1135 2 1184 1
1180 3 1184 2
1133 1 1184 3
1133 3 1185 2
1140 3 1186 1
1118 2 1186 2
1179 3 1187 2
1051 3 1187 3
1186 3 1188 2
1051 1 1189 1
1188 3 1189 2
1051 2 1190 1
1057 1 1190 2
1113 3 1190 3
1141 3 1191 1
1188 1 1191 2
1179 2 1191 3
1187 1 1192 1
1113 2 1192 2
1193 2 1194 1
1122 3 1194 2
1149 3 1195 2
1126 2 1195 3
1123 2 1196 1
1126 3 1197 1
1148 2 1197 2
1146 3 1197 3
1047 1 1198 2
1127 2 1198 3
1127 3 1199 1
1129 1 1199 2
1182 3 1199 3
1139 2 1200 1
1136 3 1200 2
1138 1 1200 3
849 3 1201 1
1060 1 1201 2
1059 2 1201 3
848 3 1202 1
943 3 1202 2
850 1 1202 3
1141 2 1203 1
1135 1 1203 2
1140 1 1203 3
1151 3 1204 2
1151 2 1205 1
1181 3 1205 3
1205 2 1206 1
1182 2 1206 2
1185 1 1206 3
1181 1 1207 1
1185 3 1207 2
1144 2 1207 3
1204 3 1208 1
1181 2 1208 2
1130 2 1208 3
1147 1 1209 1
1150 1 1209 2
1130 3 1209 3
1126 1 1210 1
1192 3 1210 2
1124 3 1210 3
1150 2 1211 1
1143 1 1211 2
1123 3 1211 3
1194 3 1215 1
1123 1 1215 2
1149 1 1215 3
1193 3 1216 1
1195 1 1216 2
1125 3 1216 3
1214 2 1217 1
1125 2 1217 2
1213 3 1217 3
1193 1 1219 1
1214 1 1219 2
1196 2 1222 1
1122 2 1222 2
1124 1 1223 1
1212 3 1223 2
1223 3 1225 1
1213 1 1225 3
1218 2 1226 3
1226 2 1227 1
1122 1 1229 1
1226 1 1230 2
1225 2 1230 3
1229 2 1231 1
1219 3 1231 2
1221 1 1231 3
1224 3 1232 1
1214 3 1233 2
1220 1 1233 3
1230 1 1234 1
1234 2 1235 1
1212 2 1235 2
1224 1 1235 3
1234 3 1236 1
1232 3 1236 2
1232 2 1237 1
1237 3 1238 2
1218 3 1239 3
1220 3 1240 1
1218 1 1241 1
1220 2 1241 2
1213 2 1241 3
1233 1 1244 1
1221 2 1244 3
1245 3 1247 1
1239 2 1248 1
1247 2 1248 2
1240 2 1248 3
1240 3 1249 1
1246 1 1249 3
1244 2 1250 1
1246 3 1250 2
1228 2 1251 1
1239 1 1251 2
1252 2 1253 1
1242 1 1253 3
1238 1 1255 3
1252 3 1256 1
1254 1 1256 2
1243 1 1256 3
1242 2 1257 3
1257 2 1258 1
1227 2 1258 2
1254 3 1259 1
1238 3 1259 2
1261 3 1265 1
1252 1 1265 3
1253 2 1266 3
1255 1 1267 1
1254 2 1267 2
1242 3 1267 3
1228 3 1268 1
1236 3 1269 1
1255 2 1269 2
1258 3 1269 3
1257 1 1270 1
1227 3 1271 1
1270 3 1271 2
1251 3 1271 3
1266 1 1272 1
1262 1 1272 3
1273 2 1274 1
1273 3 1277 2
1275 1 1277 3
1263 2 1280 1
1276 1 1280 2
1279 3 1281 1
1249 2 1284 2
1277 1 1287 1
1276 2 1287 2
1262 2 1287 3
193 2 1288 1
1288 2 1289 1
192 1 1289 2
1289 3 1290 2
1275 2 1291 2
1292 2 1293 1
1291 3 1293 2
1293 3 1294 2
1274 3 1294 3
1273 1 1295 1
1272 2 1295 2
1265 2 1295 3
1274 2 1296 1
1261 2 1296 2
1261 1 1297 1
1243 3 1297 2
1285 2 1297 3
1296 3 1298 1
1285 1 1298 2
1260 3 1299 1
1298 3 1299 2
1260 1 1300 2
1294 1 1302 2
1260 2 1302 3
1301 3 1303 1
1279 2 1305 1
1264 3 1305 2
1264 2 1306 1
1305 3 1307 1
1263 1 1307 3
1308 3 1310 1
1310 3 1312 1
1312 3 1313 1
1304 2 1316 1
1268 3 1316 2
1264 1 1316 3
1266 2 1317 2
1306 2 1317 3
1307 2 1318 1
1306 3 1318 2
1262 3 1318 3
1311 3 1319 1
1279 1 1319 2
1312 2 1319 3
1270 2 1320 1
1317 1 1320 2
1268 2 1320 3
1228 1 1322 1
1247 3 1322 3
1322 2 1323 1
1304 1 1323 2
1321 1 1323 3
1284 3 1324 1
1245 2 1324 2
1283 1 1324 3
1325 2 1326 1
1327 1 1328 3
1245 1 1329 1
1321 3 1329 2
1282 1 1329 3
1321 2 1330 1
1304 3 1330 2
1311 2 1330 3
1283 2 1331 1
1282 3 1331 2
1282 2 1332 1
1311 1 1332 2
1309 3 1333 1
1332 3 1333 2
1310 2 1333 3
1331 3 1334 1
1309 2 1334 2
1337 2 1338 1
1336 1 1338 3
1336 3 1339 2
1336 2 1340 1
1315 3 1340 3
1314 2 1342 1
1342 2 1343 1
1281 2 1343 2
1263 3 1343 3
1280 3 1344 2
1344 3 1345 1
1346 3 1347 2
116 2 1347 3
204 3 1349 2
1327 3 1349 3
1315 2 1350 2
1314 3 1350 3
1281 3 1351 1
1314 1 1351 2
1313 2 1351 3
1308 1 1352 3
1309 1 1353 1
1308 2 1353 2
147 1 1354 2
116 1 1355 1
130 3 1355 2
1345 2 1356 3
1356 2 1357 1
1346 1 1357 3
166 1 1360 2
165 2 1360 3
1359 3 1361 1
165 1 1361 2
1344 1 1362 1
1342 3 1362 3
1313 3 1363 1
1315 1 1363 2
1352 1 1363 3
1359 1 1364 2
1358 2 1365 3
1356 1 1366 1
1366 2 1367 1
1276 3 1367 2
1278 2 1368 1
1367 3 1368 2
1275 3 1368 3
192 2 1369 3
1366 3 1370 2
1278 1 1370 3
1290 3 1371 1
1278 3 1371 2
1291 1 1371 3
1286 2 1372 2
1335 1 1373 1
1286 1 1373 2
1369 2 1373 3
1286 3 1374 1
1357 2 1374 2
192 3 1375 1
1374 3 1375 2
1370 1 1375 3
1372 3 1376 1
1348 1 1377 1
1337 1 1377 3
198 3 1378 2
204 1 1378 3
196 2 1379 1
1302 1 1380 1
1326 2 1380 2
1292 3 1380 3
1326 3 1381 1
1300 1 1381 2
1303 2 1381 3
1288 3 1382 3
1382 2 1383 1
1325 1 1383 2
1325 3 1384 1
1301 2 1384 2
1327 2 1384 3
1383 3 1385 1
1328 2 1385 2
193 3 1385 3
1328 1 1386 1
199 1 1386 2
1386 3 1387 2
191 3 1387 3
1290 1 1388 1
1292 1 1388 2
1382 1 1388 3
185 3 1389 2
1335 2 1389 3
190 1 1390 1
1335 3 1391 1
184 2 1391 2
1376 2 1391 3
172 3 1392 1
160 3 1393 3
1392 3 1394 1
160 2 1394 2
251 1 1396 1
129 3 1396 2
133 1 1396 3
117 2 1397 1
116 3 1397 2
1354 3 1397 3
1347 1 1398 1
1365 1 1398 2
1345 3 1398 3
1354 1 1399 1
1346 2 1399 2
1372 1 1399 3
133 3 1400 1
147 3 1400 2
118 1 1400 3
147 2 1401 1
177 1 1401 3
1401 2 1402 1
1376 3 1402 2
145 1 1403 3
144 2 1404 1
178 2 1404 2
1403 1 1404 3
178 1 1405 1
118 2 1405 2
177 3 1405 3
1403 2 1406 1
177 2 1406 2
143 3 1406 3
143 1 1407 1
1402 3 1407 2
141 3 1407 3
146 2 1408 1
145 3 1408 2
22 2 1408 3
1392 2 1409 1
1341 2 1410 3
1339 3 1411 1
1350 1 1411 2
1341 3 1412 1
1411 3 1412 2
166 2 1413 1
168 1 1413 2
167 2 1413 3
167 3 1414 1
169 1 1414 2
126 2 1414 3
124 3 1415 1
156 3 1415 2
1337 3 1416 1
1339 1 1416 2
1410 2 1416 3
1341 1 1417 1
1358 3 1417 2
1358 1 1418 1
1412 3 1418 2
1362 2 1418 3
1360 1 1419 1
1359 2 1419 2
132 3 1419 3
1365 2 1420 2
132 1 1421 1
1420 3 1421 2
1355 3 1421 3
1410 1 1422 1
1364 3 1422 2
1348 2 1422 3
1364 1 1423 1
1417 3 1423 2
1420 1 1423 3
1377 2 1424 2
1395 1 1424 3
1348 3 1425 1
1361 3 1425 2
1395 2 1426 1
1425 3 1426 2
165 3 1427 1
170 3 1428 1
166 3 1429 2
173 2 1429 3
173 1 1430 2
170 2 1431 2
1426 3 1432 1
1427 3 1432 2
1431 1 1432 3
170 1 1433 2
1428 2 1434 1
1427 2 1434 2
1429 1 1434 3
1433 3 1435 1
1435 2 1436 1
1428 3 1436 2
1430 1 1436 3
1430 3 1437 2
172 1 1437 3
1437 1 1438 2
1435 3 1439 2
1438 1 1439 3
1393 1 1440 1
1409 3 1440 2
161 1 1440 3
1438 3 1441 1
1394 3 1441 2
159 1 1444 1
164 2 1444 2
1443 3 1445 1
163 3 1445 2
158 3 1445 3
1450 2 1451 1
155 3 1451 3
155 2 1452 2
154 3 1453 1
1450 1 1453 2
1443 2 1454 1
159 3 1454 3
1453 3 1455 1
158 2 1455 2
153 3 1455 3
34 1 1457 2
1459 3 1460 2
1442 3 1462 2
1462 3 1463 2
164 3 1463 3
1456 3 1465 2
1456 2 1466 1
1465 3 1467 1
1449 1 1468 1
1448 2 1468 2
1447 3 1468 3
69 2 1470 1
234 1 1475 1
1476 3 1477 2
235 1 1479 2
234 2 1479 3
1480 3 1481 2
1464 2 1482 1
152 2 1483 1
120 3 1483 2
1478 1 1484 2
1485 2 1486 1
1483 3 1486 2
254 1 1486 3
254 3 1487 2
235 2 1488 1
1489 3 1490 2
1491 3 1492 2
1467 2 1493 3
1466 2 1494 2
1481 1 1499 1
1476 1 1499 2
1475 2 1499 3
248 3 1500 1
250 1 1500 2
176 1 1501 1
250 3 1503 2
1502 3 1504 1
93 3 1505 1
55 2 1506 3
94 3 1507 1
55 1 1507 2
109 1 1508 2
360 1 1509 1
368 1 1509 2
367 2 1509 3
529 1 1510 2
373 3 1510 3
528 1 1511 1
307 2 1512 1
308 1 1512 3
1512 2 1513 1
1511 3 1513 2
223 2 1513 3
1511 2 1514 1
314 1 1514 2
313 2 1514 3
223 3 1515 1
313 1 1515 2
312 2 1515 3
309 3 1516 2
327 1 1517 1
307 1 1518 1
306 2 1518 2
306 1 1519 1
1517 2 1519 2
1510 1 1519 3
1518 3 1520 1
373 2 1520 2
528 2 1520 3
245 3 1521 1
327 2 1521 2
326 2 1521 3
1517 3 1522 1
310 3 1522 2
326 3 1523 1
1522 3 1523 2
98 1 1523 3
76 1 1524 1
75 2 1524 2
71 3 1525 3
54 1 1526 1
73 1 1526 2
70 3 1526 3
62 3 1527 1
50 1 1527 2
67 2 1527 3
50 3 1528 1
53 1 1528 2
67 3 1529 1
1507 3 1529 3
1529 2 1530 1
1528 3 1530 2
52 2 1530 3
94 2 1531 2
1508 3 1531 3
94 1 1532 1
52 1 1532 2
1508 1 1533 1
1532 3 1533 2
105 3 1533 3
1524 3 1534 1
74 3 1534 2
74 2 1535 1
1535 3 1536 2
236 3 1536 3
1452 1 1537 2
1452 3 1538 1
1448 3 1538 2
174 3 1538 3
1537 3 1539 1
174 2 1539 2
1461 1 1540 3
1462 1 1541 1
1461 2 1541 2
1451 2 1542 3
1443 1 1544 1
1450 3 1544 2
1537 1 1544 3
155 1 1545 1
1543 3 1545 2
1540 1 1546 1
174 1 1546 2
1449 3 1546 3
1477 3 1547 1
138 3 1548 3
1548 2 1549 1
1475 3 1549 2
1477 1 1549 3
138 1 1550 1
1547 3 1550 2
137 2 1550 3
138 2 1552 1
1552 2 1553 1
1551 1 1553 3
1553 2 1554 1
137 1 1554 2
1554 3 1555 2
136 2 1555 3
1551 2 1556 1
1555 1 1556 2
136 1 1557 1
1558 2 1559 1
1495 1 1559 2
1558 3 1561 2
1560 1 1561 3
1551 3 1564 2
1495 3 1564 3
1448 1 1565 1
1545 3 1565 2
1543 2 1566 1
1446 1 1566 3
1565 3 1567 1
1446 3 1567 2
154 1 1568 1
255 3 1568 2
255 2 1569 1
253 3 1569 2
152 1 1569 3
1568 3 1570 1
152 3 1570 2
1482 2 1570 3
1482 3 1571 1
1485 1 1571 2
1478 3 1571 3
237 2 1572 1
1488 2 1572 3
1572 2 1573 1
1484 3 1573 2
1488 3 1574 1
1487 1 1574 3
1574 2 1575 1
1573 3 1575 2
1485 3 1575 3
1487 3 1576 1
232 3 1576 2
122 1 1577 1
1576 3 1577 2
237 3 1578 1
1479 1 1578 2
1548 1 1578 3
237 1 1579 2
1478 2 1580 2
1563 2 1580 3
1542 1 1582 1
154 2 1582 2
1464 1 1582 3
1581 3 1583 1
1464 3 1583 2
1580 1 1583 3
1484 1 1584 1
1579 1 1584 2
1562 1 1584 3
1579 3 1585 1
1552 3 1585 2
1585 3 1586 2
1563 3 1587 1
1562 3 1587 2
1581 1 1588 1
1563 1 1588 2
1587 3 1589 1
1494 3 1589 2
1581 2 1590 2
1588 3 1591 1
1589 3 1591 2
1456 1 1591 3
1542 2 1592 1
1590 1 1592 2
1543 1 1592 3
1590 3 1593 1
1465 1 1593 2
1566 2 1593 3
1496 2 1594 2
1447 1 1595 1
1567 3 1595 2
1446 2 1596 1
1467 3 1596 2
1595 3 1597 1
1466 3 1598 1
1491 2 1598 2
1493 1 1598 3
1493 2 1599 1
1498 1 1599 2
1496 3 1599 3
1597 2 1600 1
1596 3 1600 2
1594 1 1600 3
1498 2 1601 1
1491 1 1601 2
1489 2 1601 3
1557 3 1602 2
1560 2 1602 3
1556 3 1604 1
1602 1 1604 2
1559 3 1604 3
1558 1 1605 1
1495 2 1606 1
1605 3 1606 2
1490 3 1607 2
1492 1 1607 3
1564 1 1608 1
1586 3 1608 3
1608 2 1609 1
1497 1 1609 3
1609 2 1610 1
1606 3 1610 2
1607 1 1610 3
1497 2 1611 1
1492 3 1611 2
1494 1 1611 3
1586 1 1612 1
1497 3 1612 2
1562 2 1612 3
1603 3 1613 1
1490 1 1613 2
1605 2 1613 3
1603 1 1614 2
1561 1 1614 3
1557 2 1615 1
1560 3 1618 1
1617 1 1619 3
300 1 1620 1
328 2 1620 2
519 3 1621 1
218 1 1621 3
1620 3 1622 1
218 3 1622 2
218 2 1623 1
137 3 1625 2
1617 3 1627 1
1626 3 1627 2
1619 2 1628 1
1618 2 1628 2
1615 3 1628 3
1616 2 1630 1
136 3 1630 2
1625 1 1630 3
139 2 1631 1
1625 3 1631 2
1547 2 1631 3
1624 1 1632 1
1626 2 1634 3
140 1 1635 3
1626 1 1636 2
1629 1 1636 3
1615 2 1637 1
1616 1 1637 2
1616 3 1638 1
140 2 1638 2
1629 3 1638 3
1637 3 1639 1
1629 2 1639 2
1617 2 1639 3
1640 2 1641 1
1632 2 1642 1
1641 3 1642 2
1481 3 1643 1
1471 3 1643 2
1471 2 1644 1
1644 2 1645 1
1525 1 1645 2
69 3 1645 3
1474 1 1647 1
1472 3 1649 2
1472 2 1650 1
1460 3 1651 3
1650 3 1652 2
1648 1 1652 3
1648 3 1653 1
1644 3 1653 2
1646 2 1654 1
1653 3 1654 2
1470 3 1654 3
1470 2 1655 1
1649 3 1657 1
1651 1 1657 2
1473 1 1657 3
1460 1 1658 1
1458 3 1658 3
1476 2 1659 1
1472 1 1660 1
1647 3 1660 2
1647 2 1661 1
1635 2 1661 3
1635 1 1662 2
1662 3 1663 1
139 3 1663 2
1659 3 1663 3
1646 1 1664 1
1651 2 1664 2
1652 1 1664 3
1650 2 1665 1
1648 2 1666 1
1665 3 1666 2
1636 1 1667 1
1661 2 1667 2
1660 3 1668 1
1662 1 1668 2
1665 2 1668 3
1666 3 1669 1
1659 2 1669 2
1643 3 1669 3
1649 1 1670 2
1667 3 1671 1
1474 3 1671 2
1633 3 1671 3
1633 1 1672 3
1634 1 1673 1
1633 2 1673 2
1641 2 1675 2
1679 2 1680 1
82 3 1680 3
82 2 1681 2
1642 3 1682 1
1622 3 1684 3
1675 1 1685 1
1676 2 1685 2
1685 3 1686 1
1686 2 1687 1
1674 2 1687 2
80 3 1687 3
84 1 1688 1
80 2 1689 3
1688 3 1690 1
80 1 1690 2
81 1 1690 3
81 3 1691 1
89 2 1691 2
86 2 1691 3
1689 1 1692 2
1688 2 1692 3
101 3 1693 1
77 1 1693 2
107 2 1694 1
75 3 1694 2
95 3 1694 3
1693 3 1695 1
95 2 1695 2
110 2 1695 3
92 1 1696 1
111 3 1696 2
1678 3 1696 3
111 2 1697 1
88 3 1697 2
1697 3 1698 2
100 1 1700 1
98 3 1700 2
305 2 1701 1
1700 3 1701 2
1683 1 1701 3
98 2 1702 1
310 2 1702 2
1516 1 1702 3
1683 2 1703 1
1516 3 1703 2
302 1 1703 3
79 1 1704 1
1683 3 1704 2
304 3 1704 3
1640 3 1705 2
1624 3 1705 3
303 3 1706 1
1682 3 1706 2
1682 2 1707 1
1686 3 1707 2
1689 2 1707 3
1706 3 1708 1
1692 1 1708 2
304 2 1708 3
1623 3 1709 1
1624 2 1709 2
1684 1 1709 3
1632 3 1710 1
303 2 1710 2
1684 2 1711 1
1710 3 1711 2
226 2 1711 3
1473 3 1712 1
1670 3 1712 3
1672 1 1713 2
1670 1 1714 1
1713 3 1714 2
1474 2 1714 3
220 2 1715 2
97 2 1716 1
106 1 1716 2
105 2 1716 3
1676 1 1717 1
1717 2 1718 1
220 3 1718 3
1717 3 1719 1
1715 1 1719 2
1674 3 1719 3
1715 3 1720 1
1679 3 1720 2
1681 1 1720 3
1674 1 1721 1
1681 3 1721 2
81 2 1721 3
1712 2 1722 1
1713 1 1722 3
220 1 1723 1
1677 1 1723 3
1459 2 1724 1
1473 2 1724 3
1677 2 1725 2
54 3 1726 1
71 1 1726 2
1525 2 1727 1
1471 1 1727 2
1469 3 1727 3
1726 3 1728 1
1469 2 1728 2
72 2 1728 3
1655 2 1730 1
69 1 1730 2
66 3 1730 3
1729 3 1731 1
66 2 1731 2
1733 1 1735 1
1734 3 1735 3
1458 1 1736 1
1734 1 1736 2
1733 2 1738 2
90 1 1741 3
1741 2 1742 1
1678 1 1742 2
1698 1 1742 3
90 2 1743 1
1698 3 1743 2
1680 2 1743 3
90 3 1744 2
1737 1 1745 1
1725 1 1745 3
1745 2 1746 1
1744 1 1746 3
1677 3 1747 1
1744 3 1747 2
1679 1 1747 3
1738 3 1748 1
1699 1 1750 2
1699 3 1751 1
1741 1 1751 2
1750 3 1752 1
1740 2 1752 2
1740 1 1753 1
1737 3 1753 2
1739 3 1753 3
1752 3 1754 1
1739 2 1754 2
1732 2 1755 1
63 2 1755 2
56 2 1756 1
112 2 1757 2
1749 1 1758 3
1480 2 1759 1
1535 2 1759 2
1469 1 1759 3
1656 2 1760 1
1748 3 1760 3
1760 2 1761 1
1655 3 1761 2
1729 2 1761 3
1731 3 1762 1
65 1 1762 3
65 3 1763 2
1733 3 1764 2
1738 1 1765 1
1729 1 1765 2
1763 1 1765 3
1764 3 1766 1
1763 3 1766 2
1749 3 1766 3
1459 1 1767 2
1458 2 1767 3
1658 2 1768 1
1646 3 1768 2
1656 1 1768 3
1734 2 1769 1
1656 3 1769 2
1748 2 1769 3
61 2 1770 1
1756 2 1770 2
1756 3 1771 1
113 1 1771 2
57 1 1771 3
1755 3 1772 1
1772 2 1773 1
1757 1 1774 3
1762 2 1775 1
64 2 1775 2
63 3 1775 3
62 1 1776 1
1770 3 1776 2
1773 2 1776 3
1774 2 1777 1
1773 3 1777 2
56 1 1777 3
65 2 1779 1
1732 1 1779 2
1758 1 1779 3
1732 3 1780 1
1778 3 1780 2
1758 2 1781 1
1780 3 1781 2
1783 2 1784 1
1746 2 1786 1
1740 3 1786 2
1751 3 1786 3
1754 3 1787 1
1782 1 1787 3
1782 2 1788 1
1774 1 1790 1
1778 1 1790 2
1772 3 1790 3
114 1 1792 3
58 3 1794 1
1793 3 1794 2
59 2 1794 3
1678 2 1795 1
93 2 1795 3
1795 2 1796 1
1699 2 1796 2
1783 1 1796 3
1750 1 1797 1
1784 2 1797 3
1784 3 1798 2
1531 1 1799 1
1505 3 1799 2
1506 1 1799 3
1505 2 1800 1
1783 3 1800 2
1785 1 1800 3
61 1 1801 1
55 3 1801 2
113 2 1801 3
1506 2 1802 1
1785 3 1802 2
113 3 1803 1
1802 3 1803 2
1788 3 1804 1
1804 2 1805 1
1789 2 1806 3
1803 3 1807 1
114 2 1807 2
58 2 1807 3
1782 3 1808 1
1806 1 1808 2
1797 2 1808 3
1789 1 1809 1
1792 1 1809 2
1798 3 1809 3
1785 2 1810 1
1798 1 1810 2
114 3 1810 3
60 2 1811 1
57 3 1811 2
59 1 1811 3
1792 2 1812 1
1791 3 1812 2
1793 1 1812 3
1791 1 1813 2
1789 3 1813 3
1805 3 1815 1
1814 3 1815 2
1817 3 1818 2
1813 1 1819 3
1804 3 1820 1
1806 2 1820 3
1815 3 1821 2
1816 1 1821 3
566 1 1822 2
600 2 1822 3
1816 2 1823 1
1817 1 1823 3
592 2 1824 2
1825 2 1826 1
1824 3 1826 2
566 2 1826 3
1823 2 1827 1
448 1 1827 3
1827 2 1828 1
1822 1 1828 3
590 3 1829 1
575 3 1829 2
576 1 1829 3
617 2 1830 1
447 1 1830 3
1830 2 1831 1
614 1 1831 3
616 2 1832 1
444 3 1832 2
618 1 1832 3
1814 2 1833 1
1825 3 1833 2
1828 2 1833 3
599 1 1834 1
1834 2 1835 1
1831 2 1835 2
613 2 1835 3
1818 3 1836 2
613 1 1837 2
612 3 1838 1
1837 3 1838 2
620 1 1838 3
1820 2 1839 1
1821 1 1839 2
1819 1 1839 3
1819 2 1840 1
1816 3 1840 2
1818 1 1840 3
1817 2 1841 1
1834 3 1841 2
1841 3 1842 2
1837 1 1842 3
609 2 1843 1
1836 3 1843 2
1842 1 1843 3
1393 2 1844 2
1442 2 1845 1
164 1 1845 3
1845 2 1846 1
1844 1 1846 3
1444 3 1847 1
1844 3 1847 2
161 3 1847 3
126 1 1848 1
125 2 1848 2
1415 3 1848 3
124 2 1849 1
1409 2 1849 2
156 1 1850 1
1849 3 1850 2
171 2 1850 3
1461 3 1851 1
1539 3 1851 3
1851 2 1852 1
1463 1 1852 2
1454 2 1852 3
421 3 1853 2
1121 1 1854 3
1854 2 1855 1
1057 3 1855 3
1050 2 1856 1
1115 3 1856 2
1189 3 1856 3
1177 2 1857 1
1167 1 1857 2
1114 2 1858 2
1121 3 1859 2
1858 1 1859 3
1114 1 1860 1
1857 3 1860 2
1860 3 1861 2
1858 3 1862 2
1085 1 1863 2
420 3 1864 1
415 1 1864 3
1864 2 1865 1
1866 3 1868 1
1867 3 1868 2
415 2 1869 2
214 1 1870 1
1871 3 1872 2
425 1 1873 2
428 2 1873 3
1865 2 1874 1
1853 1 1874 2
422 2 1874 3
1 1 1875 3
1872 3 1876 1
422 1 1876 2
1 2 1877 1
1876 3 1877 2
1161 1 1878 1
1075 3 1878 2
1159 3 1878 3
1157 3 1879 1
1160 1 1879 2
1075 1 1880 1
981 2 1880 2
1071 3 1880 3
605 1 1881 3
1159 1 1882 1
1074 2 1882 2
1070 1 1883 1
1882 3 1883 2
1073 3 1883 3
410 2 1885 1
411 1 1885 2
955 3 1885 3
411 3 1886 1
205 1 1886 2
934 1 1886 3
982 3 1887 2
1887 1 1888 1
955 2 1889 1
432 2 1889 3
1889 2 1890 1
1888 3 1890 2
920 2 1890 3
1888 2 1891 1
958 3 1891 3
961 2 1892 1
885 2 1892 2
879 1 1892 3
960 3 1893 1
889 2 1893 2
939 2 1894 1
892 3 1894 3
879 2 1895 1
1893 3 1895 2
892 1 1896 1
1895 3 1896 2
891 2 1896 3
939 3 1897 1
876 3 1897 2
877 1 1897 3
938 2 1898 1
881 1 1898 3
1898 2 1899 1
879 3 1899 2
1894 2 1899 3
878 2 1900 1
882 3 1900 2
882 1 1901 1
1043 3 1901 2
1039 1 1901 3
1900 3 1902 1
883 3 1902 2
958 1 1902 3
424 1 1903 1
983 3 1903 2
985 1 1903 3
1881 1 1904 1
1884 2 1904 3
1044 3 1905 1
1891 2 1905 2
936 1 1906 1
1905 3 1906 2
1887 3 1906 3
1502 1 1907 2
14 2 1907 3
1504 3 1908 1
20 2 1908 2
19 3 1908 3
14 3 1909 1
19 2 1909 2
9 1 1909 3
394 1 1910 1
46 1 1910 2
45 2 1910 3
13 2 1911 1
49 1 1912 2
12 1 1912 3
30 3 1913 1
12 3 1913 2
32 1 1913 3
32 3 1914 1
987 1 1914 2
986 2 1914 3
30 1 1915 1
986 1 1915 2
1915 3 1916 2
1867 1 1917 1
1916 3 1917 2
1867 2 1918 1
1869 1 1918 3
1918 2 1919 1
1873 1 1919 3
1871 2 1920 1
1869 3 1920 2
1865 3 1920 3
1919 2 1921 1
416 1 1921 3
1875 1 1922 3
1922 2 1923 1
1870 2 1924 2
45 1 1925 2
1866 1 1925 3
1875 2 1926 1
1870 3 1926 2
1872 1 1926 3
409 1 1927 1
1921 2 1927 2
1917 3 1927 3
1916 1 1928 1
1866 2 1928 2
13 1 1928 3
37 1 1929 1
47 2 1929 2
47 1 1930 1
1912 1 1930 2
1911 3 1930 3
1929 3 1931 1
1911 2 1931 2
45 3 1931 3
1175 3 1933 3
1904 2 1934 1
1166 2 1934 2
1166 1 1935 1
1169 2 1935 2
1935 3 1936 2
1165 2 1936 3
605 3 1937 1
1932 3 1937 2
1166 3 1937 3
1163 2 1938 2
1884 3 1938 3
1157 1 1939 1
1884 1 1939 2
1152 1 1939 3
1159 2 1940 1
1881 2 1940 2
1879 3 1940 3
48 2 1941 1
256 3 1941 2
1907 1 1941 3
256 2 1942 1
1500 3 1942 2
1502 2 1943 1
1942 3 1943 2
120 2 1944 1
119 3 1944 2
180 1 1944 3
231 1 1945 1
180 3 1945 2
176 2 1945 3
121 3 1946 1
1504 2 1946 2
1503 3 1947 3
176 3 1948 1
1946 3 1948 2
1503 1 1949 1
1948 3 1949 2
1943 3 1949 3
232 2 1950 1
1501 3 1950 2
1501 2 1951 1
1947 2 1951 2
230 1 1951 3
1947 1 1952 1
228 3 1952 2
230 2 1953 1
1952 3 1953 2
76 2 1953 3
1480 1 1954 1
234 3 1954 2
236 1 1954 3
1577 3 1955 1
1950 3 1955 2
233 1 1955 3
1536 1 1956 1
233 3 1956 2
1534 3 1956 3
21 2 1957 1
175 1 1957 2
22 1 1957 3
1111 1 1958 1
213 1 1958 2
1106 3 1958 3
187 3 1959 1
1096 3 1959 2
1100 2 1959 3
28 1 1960 1
29 2 1960 2
1101 3 1961 1
26 2 1961 2
1107 2 1962 2
1105 2 1963 1
188 1 1964 2
190 2 1965 1
189 3 1965 2
183 3 1965 3
204 2 1966 1
1379 2 1966 2
199 2 1966 3
1369 1 1968 1
200 2 1969 3
606 2 1970 1
1112 3 1970 2
935 2 1970 3
189 1 1971 1
1390 3 1971 2
188 3 1971 3
1964 1 1972 1
1963 2 1972 2
1972 3 1973 2
1099 1 1973 3
187 1 1974 1
1098 2 1974 2
1105 3 1975 1
1974 3 1976 1
1975 3 1976 2
1962 3 1976 3
1975 2 1977 1
1084 2 1979 1
1979 2 1980 1
1090 2 1980 2
1076 1 1980 3
1089 2 1981 1
1076 3 1981 2
1088 3 1981 3
1088 2 1982 1
1979 3 1983 1
1089 1 1983 2
35 3 1983 3
1089 3 1984 1
33 1 1984 3
33 2 1985 2
1984 2 1986 1
1982 3 1986 2
1969 2 1986 3
1978 1 1987 3
1987 2 1988 1
1977 2 1988 2
1978 2 1989 1
1988 3 1989 2
1963 3 1989 3
1390 2 1990 1
1967 3 1990 3
1990 2 1991 1
191 2 1991 3
1991 2 1992 1
1389 1 1992 2
1968 3 1992 3
1387 1 1993 1
1968 2 1993 2
193 1 1993 3
202 1 1994 1
201 2 1994 2
199 3 1994 3
1967 1 1995 1
201 3 1995 2
203 1 1995 3
195 1 1996 2
1978 3 1996 3
197 3 1997 1
1982 2 1997 2
1987 1 1997 3
1967 2 1998 1
1996 1 1998 2
1964 3 1998 3
1985 3 2000 1
1969 1 2000 2
198 2 2001 1
2000 3 2001 2
1379 3 2001 3
1962 1 2002 1
1086 1 2002 2
1091 1 2002 3
145 2 2003 1
182 1 2003 2
186 3 2004 1
189 2 2004 2
1102 3 2004 3
2003 3 2005 1
1104 3 2005 2
1100 1 2006 1
1099 2 2006 2
1098 3 2006 3
2007 2 2008 1
1097 2 2008 2
1101 1 2008 3
2007 3 2009 1
1961 3 2009 2
23 2 2009 3
604 2 2010 1
1863 3 2010 2
1932 1 2010 3
1085 3 2011 1
1933 2 2011 3
1169 3 2012 1
1932 2 2012 2
1933 1 2012 3
1936 1 2013 1
1938 1 2013 2
1934 3 2013 3
2011 2 2014 1
1173 1 2014 3
1068 3 2015 1
1170 2 2015 3
1171 3 2016 2
1173 3 2017 1
1175 1 2017 3
1862 3 2018 2
1861 1 2018 3
1167 3 2019 2
1168 1 2019 3
1174 2 2020 3
1068 1 2021 2
1081 3 2021 3
2015 2 2022 1
2016 1 2022 3
1081 1 2023 1
1170 1 2023 2
1082 2 2024 1
2014 2 2024 3
1174 1 2025 1
2017 2 2025 2
2016 3 2025 3
2018 1 2026 2
1861 3 2027 1
2019 1 2027 2
2020 2 2027 3
2026 3 2028 1
2020 1 2028 2
1171 2 2028 3
1093 1 2029 2
1093 3 2030 1
1084 1 2030 2
1078 2 2030 3
2029 3 2031 1
1078 1 2031 2
217 2 2032 2
1923 2 2032 3
217 1 2033 1
402 2 2033 2
215 2 2033 3
407 3 2034 1
396 3 2034 2
216 1 2034 3
1960 3 2035 1
7 2 2035 3
2035 2 2036 1
27 3 2036 3
7 3 2037 1
27 2 2037 2
10 2 2037 3
28 2 2038 1
25 2 2038 2
23 3 2038 3
6 1 2039 1
2036 2 2039 2
212 3 2039 3
2005 3 2040 1
2007 1 2040 2
22 3 2040 3
1103 1 2041 1
1102 2 2041 2
1973 1 2041 3
1923 3 2042 1
215 1 2042 2
214 2 2042 3
394 2 2043 1
1925 1 2043 2
1924 3 2043 3
1871 1 2044 1
1924 1 2044 2
1868 3 2044 3
2021 1 2045 2
1092 2 2046 1
2029 1 2046 2
603 2 2046 3
2031 3 2047 1
1863 1 2047 2
1083 1 2048 1
2047 3 2048 2
604 1 2048 3
2045 3 2049 1
1457 1 2049 2
35 1 2050 1
33 3 2050 2
1457 3 2050 3
1985 1 2051 1
194 2 2051 2
1999 3 2051 3
2049 3 2052 1
1999 2 2052 2
1079 3 2053 1
2023 3 2053 2
2024 2 2053 3
1087 2 2054 1
1977 3 2054 2
1088 1 2054 3
