-100 -100
100 -100
100 100
-100 100
1.26657694676 -0.125654565435
1.04788507744 -0.0334176865519
1.04157389971 -0.0275898851371
1.03990415561 -0.0202163617372
1.04586834644 -0.0152880600671
1.05698198969 -0.013093174769
1 1.66533453694e-17
0.00552184866031 -0.012265247369
0.00297204649348 -0.00918892088345
0.00107908340307 -0.00566203456264
0.000102620099694 -0.0017861524177
0.000153236834607 0.00220878014191
0.00115557092396 0.00608332882554
-0.0261695911422 0.0147152872702
-0.178628519132 -0.101572093666
-0.186401306567 -0.102671536802
-0.191452170037 -0.0969095194193
-0.192065062453 -0.0889775601691
-0.189584700515 -0.0775329730315
-0.182742260454 -0.0626833333672
-34.2346808815 -100
31.6828645454 -100
100 -33.4554752802
100 31.7686929533
32.3282177634 100
-32.8323422885 100
-100 31.5296061812
-100 -34.8035783571
1.24471833529 -0.116723982969
1.22383948368 -0.108241044574
1.20509065682 -0.100694387693
1.18630889882 -0.0932135711813
1.16571218819 -0.0850538641583
1.14530910552 -0.0769443826362
1.12611913576 -0.0691824643231
1.10591158316 -0.060958307097
1.0853748483 -0.0524382788113
1.06527705611 -0.0433574327535
1.07864794959 -0.0145646272943
1.10464864674 -0.020910028432
1.13066770519 -0.0309488076227
1.15368248766 -0.0429229531754
1.17346862137 -0.0546484321354
1.19405064615 -0.0681078037245
1.21465114111 -0.0828691639128
1.23321725629 -0.0971949784228
1.24979075329 -0.110878295232
0.977548581298 -0.0017458489544
0.955944627874 -0.00339444618963
0.933884665735 -0.00504920555539
0.910392607186 -0.00678058553722
0.887275841361 -0.00845813797654
0.864291114908 -0.0101037651491
0.840114738474 -0.011813635466
0.815561014574 -0.0135268464094
0.791182507377 -0.0152091777129
0.768491475333 -0.0167592130796
0.746130549743 -0.0182693681481
0.723593038302 -0.0197757874504
0.70087372508 -0.0212777237701
0.677800441369 -0.0227849304328
0.655322432674 -0.0242316648368
0.634059018084 -0.0255792966578
0.61512250904 -0.0267609489006
0.595011676722 -0.027994231083
0.573976361534 -0.0292574368835
0.550035528592 -0.0306550597733
0.526125472342 -0.0320020203569
0.503209891674 -0.0332435687122
0.482308297211 -0.0343271726854
0.459734625533 -0.0354378519491
0.436381616352 -0.0365038910648
0.413959859177 -0.0374472596948
0.391765972415 -0.0383026941403
0.368973614835 -0.0391294351197
0.345747962316 -0.0399150786409
0.322991369021 -0.0406221680964
0.300644586559 -0.0412391332607
0.277161959812 -0.0417678931174
0.252962834016 -0.0421696167846
0.228732614415 -0.0424024166171
0.204484438459 -0.0423874727796
0.181199275963 -0.0421137685919
0.156632368474 -0.0414907971984
0.131376862872 -0.0403527594769
0.10693425406 -0.0386390990651
0.0849797963154 -0.0364524562198
0.0632732385081 -0.0333475310983
0.0450235006203 -0.0295844742274
0.0310730147244 -0.0258337502378
0.0208898994692 -0.0219240546429
0.0124268298458 -0.0175602061567
0.975785439465 0.00503582272432
0.9505799352 0.0101090047124
0.925351589826 0.015014606094
0.898931213854 0.0199471273015
0.873751318726 0.0244884717669
0.851164561921 0.0284132479686
0.829233208639 0.0320934015408
0.807489243926 0.0356273861509
0.786567814185 0.0389162278288
0.7654280786 0.0421289551675
0.741889268988 0.0455588985904
0.71855771479 0.0488290104468
0.695792532884 0.0518883808622
0.673082647881 0.0547955719441
0.649670288414 0.0576588345491
0.6259669311 0.0604144356429
0.604451969239 0.0627680541799
0.583557567836 0.0649328526228
0.562064756735 0.0670338438345
0.538175166298 0.0692093771584
0.515008975476 0.0711354041101
0.493087949889 0.0728020426759
0.472814292214 0.0742002211616
0.450563693694 0.0755684218653
0.427675923198 0.0767927124061
0.402678862256 0.0778847700204
0.377826809207 0.0786689128711
0.353110950129 0.0791122791081
0.32993775103 0.0791809284173
0.306988488216 0.0788823387973
0.283078234783 0.0782056113538
0.259059167166 0.0771272716201
0.234385802704 0.0754787693481
0.208543565432 0.0732273949828
0.184219722685 0.0705239459534
0.160390543895 0.0672214260602
0.136154844703 0.0632115329847
0.114040961539 0.0587883348894
0.0935658718245 0.0539036284527
0.0732241582959 0.0481788529556
0.0520631103704 0.0410006880974
0.0344584306031 0.0334943020381
0.0237070942458 0.0277558147349
0.0148436878989 0.0219562819638
0.00750236942322 0.0155619401859
0.00362587553648 0.0107048871488
-0.0360197592516 0.00810175162258
-0.0453685413757 0.00170205932189
-0.0547847113164 -0.00488525460206
-0.067040758708 -0.0137518884881
-0.0843377374739 -0.0266990466746
-0.102402832084 -0.0407653238301
-0.118193923879 -0.0533652856698
-0.133046489043 -0.0655367429265
-0.146084588079 -0.0767427035606
-0.161202172881 -0.0896279399855
-0.167391669096 -0.0434424118292
-0.148345020405 -0.0277052182784
-0.127353083269 -0.0156509803945
-0.105510091598 -0.00601868642448
-0.0844353631116 0.001479965597
-0.0646879102132 0.00712981588901
-0.0497834488673 0.0105737426614
-0.0374656713875 0.0129233473277
1.03606775008 -0.0874628006846
-0.520916142224 0.26316954827
-0.466025366513 0.0327621236604
0.583720595417 -0.0717245223917
-0.649597906268 0.42567729304
0.531859951462 -1.86116903229
0.983884695862 0.210114614618
0.730938895983 -0.18502365337
2.59458796572 -1.13319179729
-0.109459394197 0.0615564737485
0.66292423092 -0.039832190034
1.18044363367 0.821663833845
0.711725504446 -0.245331881194
-0.0435658829291 0.111847410317
-0.109601332806 -0.196325455189
1.14687080022 -0.0162735121459
1.28005694758 -0.156818519009
0.78804992876 0.088107839443
0.493383683754 0.146960520131
-0.229818416941 -0.283894484325
0.499237511643 0.186260715802
1.01972607484 0.0624350061118
-0.219129590672 0.0829088583574
-0.0321460499245 -0.00962352182056
-0.0903544145025 0.0369184010985
-0.0760033859015 -0.28463507249
-0.0455845504981 0.0279410227098
1.19679071885 -0.00503208293249
0.63693041401 -0.126214059408
0.573873586635 0.127582121255
0.718280239903 0.0860485726176
0.782014845236 -0.0336350760092
1.20999209352 -0.0215505491631
-3.83251818596 3.64530693309
0.338834557441 0.149259200793
-0.018792870371 0.0377337738234
0.933043861446 0.104660983451
-0.242706048441 0.0511264378829
0.0433309211174 0.0816967931551
0.996022462761 -0.0172163791292
1.36116365553 -1.8841037519
0.775321121418 -0.0539264234139
-0.132227743132 -0.699423732358
-0.16544591658 -0.119880615382
-0.0219840743089 -0.00527103505545
1.1854797265 -0.452612595979
1.23543937345 -0.154482052328
0.0673840731369 0.187683287686
-0.0671518843208 -0.0354572274483
1.15651587715 -0.340381083823
0.693700458065 0.100271283183
-0.156471079362 -0.21996071876
0.127022598546 -0.0697070744785
0.215073317197 -0.0857503639173
-0.0217689223583 -0.0281372900344
-0.0849006617657 -1.79174670904
1.2210825398 0.406947692999
1.26476549192 -0.0563039149504
0.51737732271 0.421117816593
0.718320351986 -0.0420892484964
4.77145627833 -0.261700773617
0.207965776061 0.0913285519454
1.08170713269 1.46117844582
1.06419392956 0.129052984964
-0.0535092781379 0.0196149536139
0.969078846461 -0.0459717771677
-0.317293330133 -0.178600024447
1.10711003929 -0.0808927844846
-0.0992318214103 -0.0840860167025
0.562297443754 0.164651422923
1.21522016308 0.279908675634
0.376580424216 -0.178285351582
-0.201519180714 -0.0619971378422
-0.0041723934124 0.00674086316992
0.939505702723 0.0335224015797
1.36562036713 -0.163617826021
1.53519816628 -0.105307558461
-0.00607810880519 -0.116222095241
-0.313539801305 -0.0196557540594
0.420257968111 0.117015423139
1.29271361605 -0.0593785194902
0.0963671296779 0.10689160364
0.00496545573899 -0.0211661517286
0.0203833804239 -0.0664778964152
1.10769384367 -0.124602916789
-0.28074349887 0.256594627084
0.783167296211 0.175985368621
0.320877668513 -0.0828153916767
0.155891009965 -0.184322391653
1.35756855002 -0.0963319036666
0.398459337706 0.218840627142
-0.0356766845421 0.0684055154652
0.503535475951 0.0913275983411
0.830531368482 0.144287641806
-0.0130441916062 -0.00192345090907
0.152200488439 -0.0916258127274
-0.0598319376354 -0.226043361541
1.10624994274 0.343548284733
0.271796209892 0.142208226315
1.46361893963 0.00049563309103
0.81318817404 -9.26525661134
1.17543285023 -0.112988274515
0.370235895149 0.100818794657
1.5711752953 -0.189237719426
0.804374773475 -0.376407054839
0.966603102439 -2.86560219167
1.15589406896 -0.182151444464
1.44345590298 -0.111643698303
0.479587221653 -0.110307232164
0.36040246199 -0.130412252305
0.220180806051 0.169843835804
1.46642668056 -0.444572762706
0.905315001858 -0.637979872365
0.291063035371 -0.0567831845732
0.330837545172 -0.0575907182214
-2.25120513848 -5.27741620785
-0.00378581135579 0.140713908487
0.455128850856 -0.0917748947125
0.0140251132742 -0.0492579639933
0.407801964347 0.44890875591
-0.205091448384 -0.539080825994
1.849135103 -0.254639391443
-0.060164363345 0.339572562221
-0.0654967262572 -0.1089550983
0.785452174336 0.327842023308
0.261432977565 0.094820467713
1.22168209017 -0.0398808006937
1.19626777837 -0.134540138465
2.12127229621 0.62258423279
0.293105920142 -0.0764769009828
0.404847932144 -0.0992069105153
0.635701487406 -0.0415025978846
0.32354839423 0.119843077872
1.21805537412 -0.0612429980193
1.3445890442 -0.20386856329
-0.0332596558436 0.0236915642079
0.867178274079 0.0855193203306
0.25958172137 0.206640877769
1.2919542075 0.0148896321292
0.855097146338 -0.0499245921897
-0.0444819818279 0.0424293854491
-1.11006237071 0.126902137585
-0.0309447713041 -0.0545707682854
0.675525852944 0.116343153327
0.273320188781 -0.883309087786
0.205454715744 0.135779981545
1.32086337208 -0.121513073597
2.26641922323 -2.08810490515
1.21241406743 -0.156054685588
1.0791734569 0.0195627276556
-0.0216844978832 0.0261240616769
1.43590045899 0.0959021741475
0.967744613169 0.0416137468268
1.28278946942 -1.19911489359
-0.701252997458 -0.280171996293
0.832751700732 -0.0316721063271
1.30298159552 -0.11020002749
-0.213145396888 0.00587221594524
1.22360067079 -0.317079574362
-0.0195785900731 0.00566543805832
0.19116808026 0.109522414223
0.0885772576511 -0.063669597465
-0.199283609915 -0.0164891150277
0.441103805585 0.138767291396
1.29075908707 0.0614903971593
-0.70605882296 0.9049903629
-0.185523472719 0.00934402902761
0.628540732787 0.302767026081
-0.0219054319302 -0.0156742775804
0.287256739813 -0.150272801849
0.626759219145 0.175919753302
-0.00160013980033 -0.26270690322
-0.127400008768 -0.124873066074
0.0381257467389 -0.0796554203439
1.1266126301 0.146521263914
-0.00249684660683 -0.0364828843746
0.122406139009 -0.698691203337
-0.401909469668 0.275324858969
0.988365968201 -0.0335416167088
-0.607602343913 0.123427937213
1.09818209135 0.00262199394302
0.357985166974 -0.0566956780605
1.16621470862 -0.0319135468305
0.922967018341 -0.0827071701928
-0.608488983771 -0.563336635248
-0.00028017056874 0.012594326598
-0.343791776048 -0.250946045308
1.3083661278 0.127926094968
0.787635517139 -0.0945063505857
0.95307586826 0.0805937083678
-2.5135490057 47.4608881681
-0.196386678201 0.428327109836
1.073730724 -0.54704275874
1.19586572834 0.0836543469597
1.63429116551 0.260996010542
0.766272711356 0.136521711332
1.3642560863 -0.363499864009
2.24778007457 -0.294795208459
0.156724441256 -0.303314980993
0.608096667663 0.099368342008
1.35649120504 -0.0190583284357
-0.242283682276 -0.0553645368194
0.428689228918 -0.102221863787
0.91646821273 -0.152962100012
1.23501860831 -0.129449512344
0.605626219392 -0.193233673772
-1.65884209751 -0.717592704919
0.179904923968 0.259451752015
0.902382975393 -0.197799603901
1.01895513886 -0.111103185652
-0.0356483294943 -0.0335975747508
0.897884247817 -0.0676146798048
-0.0145589974424 -0.198011937658
1.0051940589 -0.352093106668
1.32342278275 -0.0534681047591
0.925977528379 -0.0549865383554
1.47611646107 0.301098871157
0.915160410519 -0.330624078385
5.44270449149 2.35265242633
1.50698804956 0.170925685158
0.158083558376 0.210039620931
1.08286544217 -0.087349933377
0.112131843994 0.192355613949
1.22428587996 -0.231530753279
-0.0965865679622 -0.0639686042757
0.873382842394 -0.0290952421327
-0.543027136113 -0.181064003073
1.03209018979 -0.0445592278352
-0.380496759465 0.072472084675
0.383100965511 -0.0569184132749
1.81302130157 0.224369924544
1.06523824721 0.00220327271279
0.787468457007 -0.225750610038
0.612906355074 0.495696998581
0.550839209354 -0.164203418256
-0.34665452683 -0.0646742004505
0.119461260323 0.0837978471573
0.24219048745 -0.0931185027197
-1.52063696022 0.0233561447617
1.11534474104 -0.206666556234
0.604622126072 0.0774671566041
0.454550766843 -0.11856528049
1.18680948223 0.127548055167
54.2651433935 -0.765343485132
0.0128040714205 0.0318986064869
0.747682212761 0.437175854533
0.808307247432 0.0711944367179
1.91533642748 -1.35659122298
0.609480990292 0.242065707158
-50.3735831098 50.3001717274
0.147048929806 -0.122201438404
0.925686489493 0.195743260402
0.303867685794 0.0987171723603
0.534148691282 -0.120384690624
0.0557957102338 -0.0986246945985
0.501129834199 0.244411333272
-0.0276864601292 0.0480358257485
0.329823591783 -0.158484656744
0.105543571924 -0.0837236323433
1.07554746748 -0.304691592618
1.01215134939 -0.148491989915
0.0103767515635 0.783958678965
0.367428809704 -0.410433063867
1.14734001691 0.0399978223279
0.944517509142 0.15297855444
-0.011336876128 0.00657563139257
-52.9760639483 -1.80782862599
-0.209008935759 -0.125786832951
-0.0463560805681 0.517021302486
0.945443072499 -0.0372453408382
0.836791227693 -0.0812748326619
0.377206759709 -0.102010619897
-0.470603035257 -0.0864175617179
0.464583208398 -0.0546194507224
-0.0321544074212 -0.0206195878741
0.673023746696 -0.465884941734
1.28205314316 -0.106476264585
22.4199148542 20.9539978429
1.12524376289 -0.796355949697
1.02739985568 0.0313354377221
-0.272709648834 -0.0425977567712
-0.423170200219 -0.155515767029
0.0508069165657 -0.0517150886728
-0.0108131992212 -0.0335056307539
0.347133613476 0.117656743709
0.939400257225 -0.44581822062
-0.242310034508 0.016120812437
-0.270395673959 -0.213951291233
0.682308921318 -0.15078366852
0.693872094297 0.174550186203
0.885081851318 -0.915658251521
1.18505839984 0.0491253455535
0.00711379551552 0.0246238313161
0.0282563607952 -0.03811192293
0.983924631362 -0.118132648964
0.641351855556 -0.0960022453766
0.715730605545 0.109901975887
5.10325044413 -2.34848300112
-0.343675780262 -0.122889434369
0.905236117017 -0.0230255173961
-0.283511976861 -0.136835303178
0.806671216249 -0.11859851455
-0.0436937891785 -0.00800125244389
-0.217268718112 -0.226404137693
0.738409120278 -0.0608523718219
1.05759453148 -0.144009133681
-0.184944667359 -0.32166804376
1.19772678492 -0.046722701313
2.55583244941 0.909682771175
-1.05082690007 -1.02737870481
0.210997812985 0.210741940174
1.17140891896 -0.00871872284222
0.801604646372 0.0518661087342
-4.16451234507 -0.0127140035385
-0.0855746940568 -0.047201638937
1.29170037167 -0.325972993771
-0.0709128173333 -0.0601341511676
-0.04739791937 -0.070810113252
1.56296302028 -0.358103359905
1.32941557436 -0.0917139839431
0.184616517956 -0.106441848557
0.310993169627 0.235660096777
-0.0583908049298 0.0812707997147
0.824442166174 0.0517553679235
-0.120769591978 0.0909332486549
0.519665464916 0.109482163587
0.212407445269 -0.0616818130242
0.433120428405 0.0949041607136
0.700758000934 -0.0465886022229
0.363745014033 0.265252230568
1.2146285524 0.015416517284
-0.275500036952 -0.264288208444
0.922443600641 0.0643352226069
9.68332513713 6.4697527117
0.429915529107 -0.139410876231
0.652246062205 -0.0559218523454
0.194302148945 -0.0807931385528
0.484384775725 -0.366901103147
-0.187294784956 0.111602140716
0.0221087412855 0.0472953048335
0.856408879579 -0.26894049683
1.2430699349 -0.0451597926773
1.23469086881 -0.0130545806024
0.212198387243 -0.136204237259
1.00445325132 0.153093901349
-0.304996419581 -0.0715433125594
0.321603510839 -0.118593040494
0.76151965948 -0.143575924058
0.362419011879 0.781495107001
0.0847951473727 -0.0937202228205
1.01704834638 -0.0174282711136
0.0178264712885 0.0647002936951
0.88979570161 0.503444448039
1.68449125583 -0.690272238837
1.44680783214 -0.337394398198
1.19184195519 -0.207537747449
-0.0102924489639 0.0295991664031
1.27381429614 2.23858175723
0.800491551643 -0.501331012553
-0.0316459708646 0.0350447105972
0.925937498923 -0.026072219531
0.0796060812737 0.0661036477268
-0.0952237309368 0.133765741961
1.48411164922 -0.157025766924
0.61215715564 -0.0451896177737
-0.0915554335798 -0.105568014117
-0.0106558231453 0.0208877587215
1.66965890583 -0.265794784466
0.540550718861 -0.0852906817529
0.0790434342383 0.140871729519
0.547325546619 0.215970795071
0.153189696414 0.573146780265
0.0680014045467 -0.157100744893
0.762735973458 0.0803842347958
-0.00174718338325 -0.0453688323045
0.289158179181 0.180806924338
0.79698509412 -0.0550801278767
-0.404613926489 -0.0680248384401
0.82655108079 -0.053768579629
1.07797227664 -0.405450291682
0.254729813164 -0.0698729868343
0.962639899814 1.02406690033
0.404988868602 0.14662158797
0.669469504856 -0.200064108846
-0.00313837950238 -0.0256593305874
-0.588867114388 -0.968807928931
-0.22357147559 -0.107710172796
0.651015102381 0.123666787441
-0.0500383815617 -0.0462713573653
0.797769101635 0.12739282611
10.0373109858 -2.28547720166
0.00472669954871 -0.0322596013014
0.739306827597 0.165631967424
0.464962258352 -0.155672078514
0.847466357479 -0.193276357065
0.0723204956025 -0.0505241368567
0.267887022663 0.43190520568
-0.264166723968 3.78862113472
0.146732687968 -0.0629685762742
0.948764758045 0.0541791857454
-7.08801206473 -9.68482336824
-0.00253192556551 -0.0153895670412
-0.232887603013 0.589109967684
0.806895950754 -0.0786752602971
0.836146877944 -0.144062361475
2.28404678007 3.17430465887
0.314376251374 -0.279511297771
1.40290618925 0.0305781033563
0.26258079282 -0.372650769533
0.0369659533802 0.0547627409251
0.981503433152 0.372264406113
0.651519712217 0.0962501840279
-0.0295393964104 -0.154363966191
-0.537413446685 -0.0237172503976
0.254028763924 0.167391472606
0.593541793592 0.155251635502
0.887570580835 -0.0971630496205
-0.00716258699548 0.0132904596656
0.685462758939 -0.0369455207545
0.876571945586 0.0406561625542
0.766247657475 -0.072670196895
-0.00438774681282 0.106745078422
0.566918206229 -0.0501329101902
-0.818022964948 -0.662640169219
0.321134547462 0.18148796064
-0.312490192755 -0.448464242017
0.518129584929 -0.08860588042
0.718594920518 0.0637176405578
1.04221591171 -0.180933089964
-0.0457927577755 0.235593314181
-0.0395846602899 -0.0948488699647
1.24229065066 0.157388554632
-0.179098221319 0.307641651435
1.06547234997 -0.0594446443172
1.93838412746 -0.495991092584
0.627765156006 0.110428863321
0.415345363093 0.343089218941
0.6760207381 0.083904693638
-0.0795555065107 0.0587527689688
-0.13920131686 0.123528564171
-0.447176763412 -0.254501040997
-0.255392673969 -0.108782690036
0.300610716728 -0.0963155780429
1.43603094273 0.684905331855
-24.8029598969 20.6100008906
0.679956047842 -0.0576356352094
1.39003068108 0.184894543165
1.67763182584 -0.0950472078953
-0.961438998201 -0.285509894209
6.81336303153 -7.78808592395
0.167539104638 0.405895082915
0.505679490797 -0.141348381909
-0.617064434051 1.7954735134
0.718808342294 -0.129985304813
1.0851214024 0.05472171388
-0.0131790630939 0.047397866119
0.640111557103 -0.161853550051
0.507638919551 -0.506382802659
0.0652958047029 -0.0721336075083
0.868603146608 0.121839090086
-0.787021610018 0.200544189238
-0.382444742718 -0.00615027461567
-0.0967456103684 0.182874806094
-0.240110716161 -0.131733577506
-0.00123188895572 0.0207062505392
0.566826055521 -0.130309308853
0.770445791239 0.106813239265
1.02575763845 0.271504741282
-0.187485554694 -0.11746087561
0.529412467283 0.622890474507
0.593954093398 -0.379233234595
-2.52195069388 0.963487969223
0.952388539681 -0.0942428262798
-0.0948783976256 -0.443587903049
0.625693209276 0.139824665053
1.03369172384 -0.0126378845785
-0.327166570691 -0.327742398969
-0.154719397476 0.167661422745
0.424605300056 0.17375132955
1.41521363377 -0.160508841617
-0.118039723547 -0.346486852864
-0.246083176626 -0.164168359415
0.563930903533 0.104508473924
1.21657445818 -0.130935388233
0.384467515395 0.181928985042
1.28392468982 -0.216472145648
0.50677201277 -0.0601029389014
-0.116919508898 0.0333284538991
0.837040480672 0.0725801647069
1.25372914347 -0.0860640690938
1.05927346999 0.488739265896
0.674536286781 -0.111865847068
1.12597892921 0.0033237516927
0.81578504104 0.10036912889
0.416938960243 -0.182481781183
0.629759646924 -0.0664990565209
0.494141869016 0.321931191943
0.39800663806 -0.13482876973
1.2447720112 0.0994143246049
0.759690318804 -0.107670044732
-0.197706644457 -0.409400843395
0.24860978749 -0.164349024251
-1.97459822448 7.8540522934
0.898935745043 0.0911962150287
1.30829874958 -0.244100852185
-0.222548156135 -0.187815981945
0.91591742973 -0.113312040005
0.940926543407 -0.241846393161
1.00277183633 -0.272324884388
0.908783730577 -0.0436479541569
1.12546922195 -0.266285574447
1.15758590428 -0.227908161201
2.03312424902 -0.860186300452
1.14860944202 -0.101209186488
-0.290770204437 -1.26056007884
0.529579399442 0.164423521471
-0.0116037668959 -0.0209952001235
1.31956299595 -0.0129680559135
2.74978591515 1.94333892021
-0.0414234427346 -0.018344299513
-0.236245148881 -0.0214221935289
0.837328656834 0.262301317966
-0.371025124401 -0.192939405352
1.27516090303 -0.0821246940851
0.881484372326 -0.0498948872139
-0.167096025543 -0.152585568612
1.38452864231 -0.814889207085
3.00890568674 -0.483865856392
1.34490340526 0.305897179217
0.45367144798 0.207503009474
1.384816391 -0.123537984711
1.26236707767 -0.275356041082
0.685913485872 -0.0808261956248
0.557872541503 0.301412359388
3.36378287252 -1.52372138994
2.37734805866 -0.607381866646
0.545751699203 -0.947257004271
-9.1317522191 13.0080283515
0.368411695276 0.155575686295
0.238314567745 0.0955467125197
0.505710588384 -0.185525677457
0.981921821808 0.0615515941679
1.31856138778 -4.97328895927
0.0337346199274 -0.0508026749704
0.579630338675 -0.0972605415855
0.684124356463 -0.32630629908
0.725782318319 0.207513822032
0.437105295889 -0.0528799965261
-3.44053195402 -2.71635549209
-0.0124165346565 -0.0109220381149
-0.259410190519 0.0901899298604
-1.19886187676 -0.502990952423
-0.261336606723 0.189000701388
1.4595582029 -0.213617957066
0.344839646212 1.91031460305
-0.0174857250344 -0.0796825155174
-0.0189387182812 -0.041752814298
0.867298735692 -0.0735586774493
0.234780805406 -0.0649018345403
-0.825027709915 -0.0403368288679
-0.187654736362 -0.136433129997
1.87248224024 1.35965270724
0.0611592510126 -0.325264609859
0.0568220234097 0.411522744704
0.0222887246555 0.0361731913579
0.0748399998561 -0.254028823416
0.19359289586 -0.229370101967
0.135378532488 -0.237320897971
1.25266292228 0.0199202734488
0.2212088891 0.11348352331
-0.112430944372 -0.156851066742
0.0714953216544 -0.124097311727
-0.0523674276088 -0.0145436364201
1.07667853049 -0.115559524726
0.247500444838 0.11795858691
0.324519361026 0.329584581924
1.11863884309 -0.160611990688
-0.843448259509 -1.62089707598
0.495044204527 0.115981242193
0.420943110813 -0.0741322654651
1.18726650993 0.190297600384
0.387992402637 -0.644511616906
-0.0160552729385 0.0586415705734
0.77170662034 -0.296901076296
-0.0310010225811 -0.346466507802
1.1934195097 -0.268374663372
0.601671018767 -0.118910702461
-0.0859097393568 0.0944084877246
0.807050291225 -0.0334971091268
0.0298892861231 0.111081425263
1.0856844101 -0.0693617882568
0.291228717459 -0.196906647945
0.997949084487 0.0413035562085
0.540706533438 0.10369660208
-8.13145283913 2.5921196774
52.6949628159 -51.8902171893
0.160910048493 0.10747348842
1.4007928731 -0.0772623763632
0.657212086814 0.204617679529
1.42582090362 1.0504711183
0.4020380628 0.0967070778811
0.73372683214 -0.0883121930617
0.909244662082 0.0393442156105
0.40905282002 -0.0551103912485
0.150102775811 -0.401284377204
1.51293813913 0.0595909113944
1.61697018146 0.0726361837371
0.969350660084 -0.0214694036957
2.1602754043 -21.7214454612
0.00125401858861 -0.0640593217677
0.662392925498 0.152833615677
1.25416200061 -0.142001366816
1.73078707657 0.0852509635125
0.182150587899 0.165649144034
-0.116963867355 0.244245008876
0.738200986362 0.601438176027
-0.18158706467 -0.191527518649
-0.011314300839 0.0782848937212
0.890835805886 -0.0312013740685
0.295925872442 0.121109834141
-0.0517366624817 -0.0265555490948
-0.0168621128377 0.0151752353141
1.26273412895 -0.0194386516271
1.25682765917 -0.386084435186
0.708455871925 0.32483023857
-0.325368940772 0.381558196167
0.685454197178 0.253274758395
1.04519123156 -0.117997790315
0.38766436962 -0.257013699143
0.545504420525 0.130387109909
0.00454794707237 0.0403509320752
1.4424758561 -55.5299096696
0.525622174824 0.086900776205
1.18037351387 0.0205122116253
1.30233820631 -0.168963446695
0.525288329866 -0.0461669265614
-0.0394690884929 -0.123327542111
0.235460579164 -0.280985728542
-0.0124295899327 -0.561617478914
0.472373656398 -0.076529919961
1.35909775988 0.0896324651848
0.950029192378 -0.128613460447
1.36165063533 -0.246620900828
0.130966142677 0.315797817492
1.02237185636 -0.00362613666697
-0.377262423169 -0.656055694877
1.46192217569 -0.586677489486
0.811961825997 -1.3173896784
-0.096182345751 0.0167294052746
0.446579569177 0.113000033153
0.0328059220166 -0.119800757508
-0.258341119924 -0.345020346952
1.09016286388 -0.141911246828
1.04901320304 -0.0493841298066
-0.371542115455 -2.44301194
0.969378824203 0.684354595606
-0.00608244204847 0.000190655825703
0.445182244396 -0.0729664131275
1.1314621511 -0.125269211161
3.65732824871 1.19219130565
1.15681718488 -0.123838015193
1.01936195719 0.104111627576
-0.118264329559 -0.0754102529015
-0.340949316507 0.786184506342
0.350498115521 0.20009505293
0.310889772042 -0.0605047393818
0.841393189586 0.104733932602
1.29199628439 -0.130456048986
1.39437729078 -0.207737998351
1.10302869046 0.0952499406289
0.989684936203 0.0853537036787
0.505758431464 -0.10926764589
-0.551860753877 -0.359751639578
0.0393120031158 -0.202626726467
0.284278728269 -0.118243420694
0.0175605623217 -0.154898751385
0.847465427848 0.0469439101933
0.283849740211 0.0974572081417
0.947904380397 -0.0191275578249
-0.144362679915 -0.139560682494
21.5548330327 0.750568421612
1.00493877368 -0.085760861131
-0.119340576179 -0.100449541595
0.104446288782 -0.123233895997
0.257951175644 0.261471084485
-1.34000659064 0.842482262737
0.0719986297803 0.0868696466616
0.793567747423 -0.169852449573
-0.294081503076 -0.105190570943
0.207675433586 -0.176652866469
-0.141855646235 0.0547104962733
1.15172784007 0.0111416165634
0.0189857759448 0.248723852495
0.49370057431 -0.0819212777154
0.262347479321 1.147459203
-0.141637730893 0.0234120088981
0.00157052235849 0.0541667077765
-0.0134094741931 -0.0561977008817
0.393571297064 -0.0753402084395
0.564338413273 -0.217907049439
-0.26576416772 -0.0785281136414
-0.313721696146 0.0877361685742
0.63922574507 0.0753925621947
-0.405595622686 -0.343250712783
-1.70227704241 2.12900732144
1.19027359442 -0.169214880572
0.62433400123 0.382006832747
1.28993540026 -0.0302991100418
1.03023266701 -0.0278366934304
-0.328885278456 0.027155973484
0.366741669832 -0.0776245918757
1.22222727313 -0.184895620974
1.18577318074 -0.0305333182377
-0.214378253429 -0.0412072506537
0.611526509415 -0.0912527321219
0.878560397722 0.162224820927
-0.183793872765 1.21571100609
-0.205990797263 0.0374986381864
-0.0682446795602 0.0284352615075
0.16792769886 -0.0577914913504
-0.18221216494 0.0622456090159
0.875571157716 0.2117909527
0.0613753729146 0.110294957442
1.254153369 -0.168966555883
0.568753726872 -0.289443771536
-0.0569077014829 0.0511847800524
1.10975545948 0.0296153717851
1.15216133031 0.0868588661504
1.38193200897 0.458402621072
1.33276124145 -0.164541901195
0.560756738263 -0.074381071056
0.389193500902 0.121731316894
-0.168815853493 0.0336798646102
-0.282804596188 0.0363972656272
1.34197528119 0.0294683608578
0.704491826465 0.795247779677
0.602338068286 1.14481626531
-19.3228076428 -0.779116703086
-0.196781691033 0.215753349967
1.06409253184 -0.232775906366
0.129560247815 0.109787291938
-0.136701031023 -0.0876377573664
0.92673084156 0.272136472906
1.01186334535 -0.0368632498449
0.48143346139 0.0947528770077
1.25093898121 -0.599618645118
-2.67631635956 -1.20849473244
0.252263194329 -0.216823141613
-0.215783902235 -0.149612337504
-0.145832122667 -0.0042825382986
0.111359085887 0.144183148698
0.269966804256 0.115255708083
0.450865262526 -0.21156752128
-1.611860822 -1.46179542816
1.35880986156 -0.0611096633627
0.853698443352 -0.0281526385301
0.342835962954 0.0980882724155
0.634007809644 -0.250692597951
1.24969444226 -0.200670265245
-0.433986130475 -0.479865421234
0.144000020848 0.165938594958
0.573587276656 0.0815132499064
1.11883949947 0.232252026021
0.0392027702042 0.310697463607
0.550716403523 0.08444451656
0.589133021241 -0.0471869898252
-0.144811409502 -0.176373341106
0.592498210265 0.198351011766
3.05154823965 -3.48356166202
1.32793757219 -0.469432726093
-21.4389003717 -24.2891017271
0.75819590412 -0.0406640576652
0.107661925818 -0.0550039139727
1.63361709167 -1.00162035886
0.464269148377 0.161018130869
1.17406501067 -0.145185193607
-0.188081149638 -0.0386510917896
0.125482291268 -0.0999778022688
1.33494906182 -0.29045783947
0.97064438477 0.0246068180716
0.189875634825 -0.059760302657
1.04142330249 0.00324536639796
0.851477501531 -0.10728351841
0.0126255380312 0.0428142032167
0.172845777394 -0.1420811376
0.339354519502 -0.210747853162
22.5029651876 -20.5046498549
0.660897412084 0.0733025845533
0.364563797804 0.128152020223
-0.446951409156 0.144547209316
-0.649288573551 -0.0700025947079
0.433121188345 0.267474340552
0.600245955518 0.121674862704
0.339896658629 0.569292531454
0.890702924429 0.0610320718853
0.862508556766 0.060069810453
0.0127190078704 -0.0379893242867
-2.35723350836 -0.132498717711
-0.27672789438 -0.173598215728
-1.68133242688 -2.42886032734
-0.112691459997 -0.236701651571
1.25996728693 -0.239894795919
0.00921650363453 0.188806372526
-0.0742249585012 -0.140235288025
49.6446835711 51.2601809329
0.59727570681 -0.151313344649
1.08368830727 -0.178814999931
-0.0280822183992 0.00252856130089
-0.0698508578453 -0.177444823289
-0.12189484081 0.0080749922782
1.06196930041 -0.0764532739757
0.145696436667 0.0862144284263
0.653276633929 -0.669958819079
2.46389290568 0.135714578363
1.27867534597 -0.184611421479
0.487364569866 -0.0547295763576
0.0165520841213 0.0853878590985
0.271865266206 -0.0634944763439
0.229897065936 0.326037370623
-0.955847471915 0.493138965398
-0.731305275662 -3.54198388858
0.997982267752 0.0200136472696
0.450399537422 -0.29178163478
0.906407839079 0.130768909992
0.962121887396 -0.171621554548
0.587042835023 0.0951100216573
2.04899584916 0.230836317571
-0.162176764065 0.00768804172699
0.51746043211 0.133899462224
0.743841488425 0.100874345247
2.82257281298 17.5907004596
-0.194025965986 -0.16362856748
0.218004437173 -0.108799798984
1.14674791208 -0.150840446769
-0.298156128055 -0.871294880376
0.250301213119 -0.124698464648
0.0395829601518 -0.438964221584
-0.345004193725 0.168140518923
0.605121348146 -0.0646232328764
1.12239676922 0.0609119905239
-0.0729378553771 -0.0827898675312
0.823485077046 0.193485333376
-0.202265699516 -0.105786539744
0.868313121012 0.363718965315
3.16369677004 0.221971467944
0.150901062119 0.133906713722
0.705840466896 -0.098171175358
0.977449152576 -0.0773929526288
1.55708229405 -0.0312905110449
0.758648817992 0.0595468615261
2.06694177336 -0.0730848692355
1.27486857523 -0.140277312745
0.625336462175 0.0856946201581
0.171693302929 -0.0787710159381
0.210994032332 -0.525149298921
-0.235395495422 -0.0865905044259
0.249164196919 -1.25868655837
0.0577642826929 0.0632396690078
1.06044204478 -0.0967140085357
0.0107095705109 -0.0898681556716
-0.464161206524 0.514272337621
0.659950369491 -0.0780982401602
-0.272404883889 -0.00592936398585
0.734936136156 0.129751054913
0.526970483854 -0.0668484715725
0.765978535031 0.243607241507
-0.0462004837159 0.164202000296
0.8783993585 -0.140839049649
1.20793707602 0.586427927711
0.469794482358 0.12376504218
0.0979923142351 0.0773030147081
-0.0366911134934 -0.00187571841829
-0.155863539731 0.0842948814593
1.30225384197 -0.084608833778
-0.220027617983 -0.0691988637072
0.0126344902962 -0.02651350518
0.0400492250145 0.14590731939
1.31194340689 -0.197845139147
1.04252849205 -0.0660338399018
0.545701056496 -0.0560128435605
0.0973429825173 -0.193792809143
0.710373145652 -0.0673735424756
1.12161492232 -0.10208677987
0.950033002451 -0.0632035542009
1.02037484694 0.0121564904685
1.23048048996 0.05236272895
0.972145309938 0.117044005259
0.700782273706 0.137246444251
1.0201084027 -0.0629150085842
-7.27110251869 -2.54100203082
1.51569069307 -0.266144330222
1.40210597296 -0.0283846114512
1.0560695489 0.0792969314911
0.995569835341 -0.0562413801235
0.508063216736 -0.243867373962
1.05894929387 0.187742372396
0.342898920744 -0.0726998103078
1.74125722009 0.791372727931
1.00150933291 -0.207122838547
1.84581616116 -0.0190514893305
-0.0208578813583 -0.952493388176
-0.279438803075 0.136415601988
0.322559241124 0.0968978060992
-0.00639639058369 0.0404067932999
1.23847730047 -0.0722099044771
0.78190182031 0.0612005734037
0.737715680208 -0.0372832962643
1.46587252348 -0.0602011809931
1.41230603783 -0.275349571517
0.177896146537 0.131300377503
1.7962001204 0.453470918965
1.0983977296 -0.102112348284
-51.6767435883 -54.1998686688
-0.141273095428 -0.276299243716
0.269936601623 -0.0920684113572
0.695189285135 0.0722326634843
-0.208417816343 -0.0873833717418
0.175511104863 0.0884437482732
1.13059357001 -0.0866930238304
-0.104468041952 -0.126882350802
-0.170974996148 -0.0164352005237
1.26402597561 -0.103094559943
-0.21953286825 0.144028875984
3.15639704731 6.28916839286
1.31112914919 -0.144436764424
1.19883058487 -0.113577754753
-0.14484534582 -0.108518688942
0.739227679268 0.0720590982539
-0.186841059452 -0.256508429632
0.236405148248 0.139471579177
1.34456104616 -0.129908525632
0.307149875113 0.147417296775
1.05288756661 0.0198823319661
0.346176337341 -0.0980632052853
0.0984468428792 0.24549953571
0.00083699638831 0.0310529354944
1.67461799376 -0.448216261669
0.459423619784 0.0948296874166
-0.00518916146681 -0.00737059004953
1.05342209188 0.0439839831366
1.29076960893 0.210719323553
0.555038917647 -0.102210523476
0.020954698062 -0.0307977645203
0.122190751514 -0.152983528426
1.57895244941 0.479764337853
