7147 3 -2
7145 2 -2
7151 3 -2
7149 2 -2
7219 3 -2
7217 2 -2
7254 3 -2
7255 2 -2
5134 3 -3
5135 2 -3
4983 3 -3
4981 2 -3
4997 3 -3
4998 2 -3
4881 3 -3
4882 2 -3
4913 3 -3
4914 2 -3
5510 3 -4
5511 2 -4
774 3 -4
775 2 -4
7994 3 -4
7995 2 -4
8205 3 -4
8206 2 -4
8178 3 -4
8179 2 -4
1 3 -1
2 2 -1
8127 2 -1
8126 3 -1
7686 3 -1
7687 2 -1
865 3 -1
866 2 -1
1559 2 -1
1558 3 -1
1605 3 -1
1606 2 -1
1669 3 -1
1670 2 -1
1681 2 -1
1683 3 -1
1674 3 -1
1675 2 -1
7409 3 -1
7410 2 -1
7506 2 -1
7505 3 -1
1685 3 -1
1686 2 -1
6483 3 -2
6481 2 -2
6491 3 -2
6489 2 -2
6818 3 -2
6819 2 -2
6558 3 -2
6559 2 -2
6697 3 -2
6698 2 -2
6701 3 -2
6702 2 -2
6871 3 -2
6869 2 -2
6891 3 -2
6889 2 -2
6897 3 -2
6898 2 -2
6955 2 -2
6954 3 -2
6947 3 -2
6945 2 -2
7298 3 -2
7299 2 -2
7294 3 -2
7295 2 -2
2346 3 -2
2347 2 -2
2337 3 -2
2338 2 -2
2218 3 -2
2219 2 -2
2171 3 -2
2169 2 -2
2250 3 -2
2251 2 -2
2187 3 -2
2185 2 -2
1986 2 -2
1985 3 -2
2235 3 -2
2233 2 -2
7163 3 -3
7161 2 -3
7171 3 -3
7169 2 -3
233 3 -3
234 2 -3
237 3 -3
238 2 -3
7025 3 -3
7026 2 -3
7111 3 -3
7109 2 -3
7121 3 -3
7122 2 -3
6995 3 -3
6993 2 -3
7054 3 -3
7055 2 -3
6939 3 -3
6937 2 -3
6941 3 -3
6942 2 -3
7066 3 -3
7067 2 -3
6895 3 -3
6893 2 -3
6887 3 -3
6885 2 -3
6687 3 -3
6685 2 -3
6689 3 -3
6690 2 -3
6535 3 -3
6533 2 -3
6505 3 -3
6506 2 -3
6474 3 -3
6475 2 -3
6469 3 -3
6470 2 -3
6454 3 -3
6455 2 -3
6411 3 -3
6409 2 -3
5954 3 -3
5955 2 -3
5989 3 -3
5990 2 -3
5982 3 -3
5983 2 -3
6373 3 -3
6374 2 -3
6385 3 -3
6386 2 -3
5787 3 -3
5785 2 -3
5795 3 -3
5793 2 -3
6159 3 -3
6157 2 -3
6161 3 -3
6162 2 -3
5766 3 -3
5767 2 -3
7383 3 -3
7381 2 -3
638 3 -3
639 2 -3
5761 3 -3
5762 2 -3
5754 3 -3
5755 2 -3
5730 3 -3
5731 2 -3
5721 3 -3
5722 2 -3
5577 3 -3
5578 2 -3
5694 3 -3
5695 2 -3
5351 3 -3
5349 2 -3
5359 3 -3
5357 2 -3
5407 3 -3
5405 2 -3
5409 3 -3
5410 2 -3
5130 2 -3
5129 3 -3
5333 3 -3
5334 2 -3
7343 2 -3
7342 3 -3
2435 2 -3
2434 3 -3
2442 2 -3
2441 3 -3
2662 2 -3
2661 3 -3
2591 2 -3
2590 3 -3
2669 2 -3
2671 3 -3
2882 2 -3
2881 3 -3
2685 2 -3
2687 3 -3
2683 2 -3
2682 3 -3
2709 2 -3
2711 3 -3
2811 2 -3
2810 3 -3
2845 2 -3
2847 3 -3
2843 2 -3
2842 3 -3
2889 2 -3
2891 3 -3
3613 2 -3
3615 3 -3
3607 2 -3
3606 3 -3
2945 2 -3
2947 3 -3
2943 2 -3
2942 3 -3
3162 2 -3
3161 3 -3
3150 2 -3
3149 3 -3
3178 2 -3
3177 3 -3
3185 2 -3
3187 3 -3
3227 2 -3
3226 3 -3
3211 2 -3
3210 3 -3
3217 2 -3
3219 3 -3
4017 2 -3
4019 3 -3
3869 2 -3
3871 3 -3
2489 2 -3
2491 3 -3
4085 2 -3
4087 3 -3
4097 2 -3
4099 3 -3
4117 2 -3
4119 3 -3
4115 2 -3
4114 3 -3
3406 2 -3
3405 3 -3
4134 2 -3
4133 3 -3
3245 2 -3
3247 3 -3
4215 2 -3
4214 3 -3
3798 2 -3
3797 3 -3
3782 2 -3
3781 3 -3
4250 2 -3
4249 3 -3
4245 2 -3
4247 3 -3
4509 2 -3
4511 3 -3
4791 2 -3
4790 3 -3
4815 2 -3
4814 3 -3
4519 2 -3
4518 3 -3
4598 2 -3
4597 3 -3
4885 3 -3
4886 2 -3
4782 2 -3
4781 3 -3
4846 3 -4
4847 2 -4
4895 3 -4
4893 2 -4
4947 3 -4
4945 2 -4
5033 3 -4
5034 2 -4
4971 3 -4
4969 2 -4
5137 3 -4
5138 2 -4
5193 3 -4
5194 2 -4
5197 3 -4
5198 2 -4
5209 3 -4
5210 2 -4
5395 2 -4
5394 3 -4
5202 3 -4
5203 2 -4
4271 3 -4
4269 2 -4
8087 3 -4
8085 2 -4
4682 3 -4
4683 2 -4
8102 3 -4
8103 2 -4
7446 3 -4
7447 2 -4
7434 3 -4
7435 2 -4
7414 3 -4
7415 2 -4
4451 2 -4
4450 3 -4
7419 3 -4
7417 2 -4
