28585 3 -2
28586 2 -2
28577 2 -2
28579 3 -2
28601 3 -2
28602 2 -2
28593 2 -2
28595 3 -2
28873 3 -2
28874 2 -2
28865 2 -2
28867 3 -2
29013 3 -2
29014 2 -2
29017 2 -2
29019 3 -2
20533 3 -3
20534 2 -3
20537 2 -3
20539 3 -3
19929 3 -3
19930 2 -3
19921 2 -3
19923 3 -3
19985 3 -3
19986 2 -3
19989 2 -3
19991 3 -3
19521 3 -3
19522 2 -3
19525 2 -3
19527 3 -3
19649 3 -3
19650 2 -3
19653 2 -3
19655 3 -3
22037 3 -4
22038 2 -4
22041 2 -4
22043 3 -4
3093 3 -4
3094 2 -4
3097 2 -4
3099 3 -4
31973 3 -4
31974 2 -4
31977 2 -4
31979 3 -4
32817 3 -4
32818 2 -4
32821 2 -4
32823 3 -4
32709 3 -4
32710 2 -4
32713 2 -4
32715 3 -4
1 3 -1
2 2 -1
5 2 -1
7 3 -1
32505 2 -1
32507 3 -1
32501 3 -1
32502 2 -1
30741 3 -1
30742 2 -1
30745 2 -1
30747 3 -1
3457 3 -1
3458 2 -1
3461 2 -1
3463 3 -1
6233 2 -1
6235 3 -1
6229 3 -1
6230 2 -1
6417 3 -1
6418 2 -1
6421 2 -1
6423 3 -1
6673 3 -1
6674 2 -1
6677 2 -1
6679 3 -1
6721 2 -1
6723 3 -1
6729 3 -1
6730 2 -1
6693 3 -1
6694 2 -1
6697 2 -1
6699 3 -1
29633 3 -1
29634 2 -1
29637 2 -1
29639 3 -1
30021 2 -1
30023 3 -1
30017 3 -1
30018 2 -1
6737 3 -1
6738 2 -1
6741 2 -1
6743 3 -1
25929 3 -2
25930 2 -2
25921 2 -2
25923 3 -2
25961 3 -2
25962 2 -2
25953 2 -2
25955 3 -2
27269 3 -2
27270 2 -2
27273 2 -2
27275 3 -2
26229 3 -2
26230 2 -2
26233 2 -2
26235 3 -2
26785 3 -2
26786 2 -2
26789 2 -2
26791 3 -2
26801 3 -2
26802 2 -2
26805 2 -2
26807 3 -2
27481 3 -2
27482 2 -2
27473 2 -2
27475 3 -2
27561 3 -2
27562 2 -2
27553 2 -2
27555 3 -2
27585 3 -2
27586 2 -2
27589 2 -2
27591 3 -2
27817 2 -2
27819 3 -2
27813 3 -2
27814 2 -2
27785 3 -2
27786 2 -2
27777 2 -2
27779 3 -2
29189 3 -2
29190 2 -2
29193 2 -2
29195 3 -2
29173 3 -2
29174 2 -2
29177 2 -2
29179 3 -2
9381 3 -2
9382 2 -2
9385 2 -2
9387 3 -2
9345 3 -2
9346 2 -2
9349 2 -2
9351 3 -2
8869 3 -2
8870 2 -2
8873 2 -2
8875 3 -2
8681 3 -2
8682 2 -2
8673 2 -2
8675 3 -2
8997 3 -2
8998 2 -2
9001 2 -2
9003 3 -2
8745 3 -2
8746 2 -2
8737 2 -2
8739 3 -2
7941 2 -2
7943 3 -2
7937 3 -2
7938 2 -2
8937 3 -2
8938 2 -2
8929 2 -2
8931 3 -2
28649 3 -3
28650 2 -3
28641 2 -3
28643 3 -3
28681 3 -3
28682 2 -3
28673 2 -3
28675 3 -3
929 3 -3
930 2 -3
933 2 -3
935 3 -3
945 3 -3
946 2 -3
949 2 -3
951 3 -3
28097 3 -3
28098 2 -3
28101 2 -3
28103 3 -3
28441 3 -3
28442 2 -3
28433 2 -3
28435 3 -3
28481 3 -3
28482 2 -3
28485 2 -3
28487 3 -3
27977 3 -3
27978 2 -3
27969 2 -3
27971 3 -3
28213 3 -3
28214 2 -3
28217 2 -3
28219 3 -3
27753 3 -3
27754 2 -3
27745 2 -3
27747 3 -3
27761 3 -3
27762 2 -3
27765 2 -3
27767 3 -3
28261 3 -3
28262 2 -3
28265 2 -3
28267 3 -3
27577 3 -3
27578 2 -3
27569 2 -3
27571 3 -3
27545 3 -3
27546 2 -3
27537 2 -3
27539 3 -3
26745 3 -3
26746 2 -3
26737 2 -3
26739 3 -3
26753 3 -3
26754 2 -3
26757 2 -3
26759 3 -3
26137 3 -3
26138 2 -3
26129 2 -3
26131 3 -3
26017 3 -3
26018 2 -3
26021 2 -3
26023 3 -3
25893 3 -3
25894 2 -3
25897 2 -3
25899 3 -3
25873 3 -3
25874 2 -3
25877 2 -3
25879 3 -3
25813 3 -3
25814 2 -3
25817 2 -3
25819 3 -3
25641 3 -3
25642 2 -3
25633 2 -3
25635 3 -3
23813 3 -3
23814 2 -3
23817 2 -3
23819 3 -3
23953 3 -3
23954 2 -3
23957 2 -3
23959 3 -3
23925 3 -3
23926 2 -3
23929 2 -3
23931 3 -3
25489 3 -3
25490 2 -3
25493 2 -3
25495 3 -3
25537 3 -3
25538 2 -3
25541 2 -3
25543 3 -3
23145 3 -3
23146 2 -3
23137 2 -3
23139 3 -3
23177 3 -3
23178 2 -3
23169 2 -3
23171 3 -3
24633 3 -3
24634 2 -3
24625 2 -3
24627 3 -3
24641 3 -3
24642 2 -3
24645 2 -3
24647 3 -3
23061 3 -3
23062 2 -3
23065 2 -3
23067 3 -3
29529 3 -3
29530 2 -3
29521 2 -3
29523 3 -3
2549 3 -3
2550 2 -3
2553 2 -3
2555 3 -3
23041 3 -3
23042 2 -3
23045 2 -3
23047 3 -3
23013 3 -3
23014 2 -3
23017 2 -3
23019 3 -3
22917 3 -3
22918 2 -3
22921 2 -3
22923 3 -3
22881 3 -3
22882 2 -3
22885 2 -3
22887 3 -3
22305 3 -3
22306 2 -3
22309 2 -3
22311 3 -3
22773 3 -3
22774 2 -3
22777 2 -3
22779 3 -3
21401 3 -3
21402 2 -3
21393 2 -3
21395 3 -3
21433 3 -3
21434 2 -3
21425 2 -3
21427 3 -3
21625 3 -3
21626 2 -3
21617 2 -3
21619 3 -3
21633 3 -3
21634 2 -3
21637 2 -3
21639 3 -3
20517 2 -3
20519 3 -3
20513 3 -3
20514 2 -3
21329 3 -3
21330 2 -3
21333 2 -3
21335 3 -3
29369 2 -3
29371 3 -3
29365 3 -3
29366 2 -3
9737 2 -3
9739 3 -3
9733 3 -3
9734 2 -3
9765 2 -3
9767 3 -3
9761 3 -3
9762 2 -3
10645 2 -3
10647 3 -3
10641 3 -3
10642 2 -3
10361 2 -3
10363 3 -3
10357 3 -3
10358 2 -3
10673 2 -3
10675 3 -3
10681 3 -3
10682 2 -3
11525 2 -3
11527 3 -3
11521 3 -3
11522 2 -3
10737 2 -3
10739 3 -3
10745 3 -3
10746 2 -3
10729 2 -3
10731 3 -3
10725 3 -3
10726 2 -3
10833 2 -3
10835 3 -3
10841 3 -3
10842 2 -3
11241 2 -3
11243 3 -3
11237 3 -3
11238 2 -3
11377 2 -3
11379 3 -3
11385 3 -3
11386 2 -3
11369 2 -3
11371 3 -3
11365 3 -3
11366 2 -3
11553 2 -3
11555 3 -3
11561 3 -3
11562 2 -3
14449 2 -3
14451 3 -3
14457 3 -3
14458 2 -3
14425 2 -3
14427 3 -3
14421 3 -3
14422 2 -3
11777 2 -3
11779 3 -3
11785 3 -3
11786 2 -3
11769 2 -3
11771 3 -3
11765 3 -3
11766 2 -3
12645 2 -3
12647 3 -3
12641 3 -3
12642 2 -3
12597 2 -3
12599 3 -3
12593 3 -3
12594 2 -3
12709 2 -3
12711 3 -3
12705 3 -3
12706 2 -3
12737 2 -3
12739 3 -3
12745 3 -3
12746 2 -3
12905 2 -3
12907 3 -3
12901 3 -3
12902 2 -3
12841 2 -3
12843 3 -3
12837 3 -3
12838 2 -3
12865 2 -3
12867 3 -3
12873 3 -3
12874 2 -3
16065 2 -3
16067 3 -3
16073 3 -3
16074 2 -3
15473 2 -3
15475 3 -3
15481 3 -3
15482 2 -3
9953 2 -3
9955 3 -3
9961 3 -3
9962 2 -3
16337 2 -3
16339 3 -3
16345 3 -3
16346 2 -3
16385 2 -3
16387 3 -3
16393 3 -3
16394 2 -3
16465 2 -3
16467 3 -3
16473 3 -3
16474 2 -3
16457 2 -3
16459 3 -3
16453 3 -3
16454 2 -3
13621 2 -3
13623 3 -3
13617 3 -3
13618 2 -3
16533 2 -3
16535 3 -3
16529 3 -3
16530 2 -3
12977 2 -3
12979 3 -3
12985 3 -3
12986 2 -3
16857 2 -3
16859 3 -3
16853 3 -3
16854 2 -3
15189 2 -3
15191 3 -3
15185 3 -3
15186 2 -3
15125 2 -3
15127 3 -3
15121 3 -3
15122 2 -3
16997 2 -3
16999 3 -3
16993 3 -3
16994 2 -3
16977 2 -3
16979 3 -3
16985 3 -3
16986 2 -3
18033 2 -3
18035 3 -3
18041 3 -3
18042 2 -3
19161 2 -3
19163 3 -3
19157 3 -3
19158 2 -3
19257 2 -3
19259 3 -3
19253 3 -3
19254 2 -3
18073 2 -3
18075 3 -3
18069 3 -3
18070 2 -3
18389 2 -3
18391 3 -3
18385 3 -3
18386 2 -3
19537 3 -3
19538 2 -3
19541 2 -3
19543 3 -3
19125 2 -3
19127 3 -3
19121 3 -3
19122 2 -3
19381 3 -4
19382 2 -4
19385 2 -4
19387 3 -4
19577 3 -4
19578 2 -4
19569 2 -4
19571 3 -4
19785 3 -4
19786 2 -4
19777 2 -4
19779 3 -4
20129 3 -4
20130 2 -4
20133 2 -4
20135 3 -4
19881 3 -4
19882 2 -4
19873 2 -4
19875 3 -4
20545 3 -4
20546 2 -4
20549 2 -4
20551 3 -4
20769 3 -4
20770 2 -4
20773 2 -4
20775 3 -4
20785 3 -4
20786 2 -4
20789 2 -4
20791 3 -4
20833 3 -4
20834 2 -4
20837 2 -4
20839 3 -4
21577 2 -4
21579 3 -4
21573 3 -4
21574 2 -4
20805 3 -4
20806 2 -4
20809 2 -4
20811 3 -4
17081 3 -4
17082 2 -4
17073 2 -4
17075 3 -4
32345 3 -4
32346 2 -4
32337 2 -4
32339 3 -4
18725 3 -4
18726 2 -4
18729 2 -4
18731 3 -4
32405 3 -4
32406 2 -4
32409 2 -4
32411 3 -4
29781 3 -4
29782 2 -4
29785 2 -4
29787 3 -4
29733 3 -4
29734 2 -4
29737 2 -4
29739 3 -4
29653 3 -4
29654 2 -4
29657 2 -4
29659 3 -4
17801 2 -4
17803 3 -4
17797 3 -4
17798 2 -4
29673 3 -4
29674 2 -4
29665 2 -4
29667 3 -4
