1787 2 -2
1788 2 -2
1805 2 -2
1814 1 -2
1284 1 -3
1246 2 -3
1250 3 -3
1221 3 -3
1229 3 -3
1378 1 -4
194 1 -4
1999 1 -4
2052 3 -4
2045 1 -4
1 3 -1
2032 1 -1
1922 1 -1
217 3 -1
390 1 -1
402 3 -1
418 3 -1
421 2 -1
419 1 -1
1853 3 -1
1877 3 -1
422 3 -1
1621 2 -2
1623 2 -2
1705 1 -2
1640 1 -2
1675 3 -2
1676 3 -2
1718 2 -2
1723 2 -2
1725 3 -2
1739 1 -2
1737 2 -2
1825 1 -2
1824 1 -2
587 1 -2
585 3 -2
555 1 -2
543 2 -2
563 1 -2
547 2 -2
497 3 -2
559 2 -2
1791 2 -3
1793 2 -3
59 3 -3
60 3 -3
1757 3 -3
1778 2 -3
1781 3 -3
1749 2 -3
1764 1 -3
1735 2 -3
1736 3 -3
1767 1 -3
1724 2 -3
1722 2 -3
1672 2 -3
1673 3 -3
1634 2 -3
1627 3 -3
1619 1 -3
1618 3 -3
1614 1 -3
1603 2 -3
1489 1 -3
1498 3 -3
1496 1 -3
1594 3 -3
1597 3 -3
1447 2 -3
1449 2 -3
1540 2 -3
1541 3 -3
1442 1 -3
1846 2 -3
160 1 -3
1441 3 -3
1439 1 -3
1433 1 -3
1431 3 -3
1395 3 -3
1424 1 -3
1338 2 -3
1340 2 -3
1352 2 -3
1353 3 -3
1283 3 -3
1334 3 -3
1836 1 -3
609 1 -3
611 3 -3
666 3 -3
648 1 -3
668 2 -3
721 3 -3
672 2 -3
671 1 -3
678 2 -3
703 1 -3
712 2 -3
711 1 -3
723 2 -3
904 2 -3
902 1 -3
737 2 -3
736 1 -3
791 3 -3
788 3 -3
795 3 -3
797 2 -3
807 1 -3
803 1 -3
805 2 -3
1005 2 -3
968 2 -3
623 2 -3
1022 2 -3
1025 2 -3
1030 2 -3
1029 1 -3
852 3 -3
1034 3 -3
812 2 -3
1054 1 -3
950 3 -3
946 3 -3
1063 3 -3
1062 2 -3
1128 2 -3
1198 1 -3
1204 1 -3
1130 1 -3
1150 3 -3
1222 3 -3
1196 3 -3
1212 1 -4
1224 2 -4
1237 2 -4
1259 3 -4
1243 2 -4
1285 3 -4
1299 3 -4
1300 3 -4
1303 3 -4
1349 1 -4
1301 1 -4
1068 2 -4
2022 2 -4
1171 1 -4
2026 1 -4
1862 1 -4
1859 1 -4
1854 1 -4
1113 1 -4
1855 2 -4
