1 25 1073
980 621 165
980 302 621
846 980 326
846 302 980
846 399 302
712 470 584
632 958 399
738 216 675
367 914 470
815 266 166
914 960 738
960 709 276
1017 216 166
337 203 1061
546 470 738
995 546 675
1061 995 675
1017 1061 675
305 337 1061
806 546 995
281 806 203
345 546 806
546 738 675
584 470 546
833 315 345
712 399 367
345 315 584
315 720 609
960 907 709
470 914 738
367 907 914
1077 1016 547
874 1035 233
362 1016 1035
720 340 621
929 266 703
906 807 930
673 514 934
673 595 514
169 673 408
169 688 696
358 282 595
1097 528 479
703 276 261
929 703 610
266 815 981
166 266 201
216 738 815
943 577 718
462 943 431
1028 364 667
565 1028 943
565 555 1028
1044 344 633
521 460 670
839 521 430
768 839 430
53 54 839
54 55 521
372 344 376
718 372 685
300 718 685
431 943 718
316 539 300
564 462 431
577 344 372
462 565 943
660 462 349
1028 369 364
462 848 565
393 501 555
501 369 555
744 501 393
378 668 501
446 378 265
1059 669 900
446 374 378
400 672 267
821 819 994
245 737 819
1072 734 245
466 967 813
400 267 737
967 589 900
813 967 737
466 589 967
734 466 813
245 734 813
382 971 1019
421 589 466
455 421 370
842 455 370
633 667 802
669 378 374
421 985 1059
369 501 668
746 210 319
737 967 400
420 210 671
900 420 671
400 900 671
589 1059 900
400 967 900
985 364 369
1059 985 668
669 1059 668
589 421 1059
421 455 985
374 540 420
788 421 466
460 521 55
1044 430 376
226 339 768
1041 728 249
834 1041 533
726 728 1041
765 359 723
1015 569 765
423 567 569
305 742 337
918 885 706
996 330 835
993 996 398
662 330 996
850 662 504
727 850 249
727 908 850
728 727 249
1104 1041 249
945 1104 249
411 844 1104
726 359 728
359 569 798
850 908 662
705 164 891
747 705 626
395 966 626
189 456 875
875 456 656
641 186 1074
661 641 467
634 745 641
799 337 1015
281 799 634
203 337 799
723 726 332
908 752 662
798 908 727
798 567 908
752 330 662
789 946 567
418 330 752
270 418 232
1094 432 871
504 993 481
835 1075 996
507 835 330
603 290 1075
719 84 85
1075 541 398
996 1075 398
835 603 1075
290 274 978
256 213 938
481 256 411
945 504 481
1104 945 411
249 850 945
559 880 88
214 497 481
214 487 497
481 497 1014
1057 342 275
1061 203 995
742 973 618
997 723 745
1015 765 997
742 1015 337
742 423 1015
569 359 765
641 661 634
1074 467 641
961 1074 186
961 212 1074
467 812 661
387 601 442
180 464 492
467 1089 180
1074 212 1089
927 686 777
969 964 731
333 840 731
1003 20 21
909 642 666
428 909 721
624 642 909
629 20 1003
721 686 204
624 909 428
992 777 686
909 992 721
909 666 992
204 19 629
621 162 165
621 340 162
326 980 165
951 315 387
340 951 574
720 315 951
302 720 621
302 609 720
951 387 574
947 769 792
404 947 756
404 841 947
2 27 756
365 772 33
772 177 1012
1079 39 228
919 384 962
975 919 646
1038 975 646
177 884 975
884 872 919
309 872 207
309 866 872
446 273 353
540 446 353
265 436 519
498 423 618
631 498 618
265 706 436
918 544 366
885 918 860
706 173 918
860 395 701
540 206 210
540 353 206
420 540 210
374 446 540
934 314 408
807 687 514
1097 807 514
930 206 906
272 930 807
272 357 930
439 314 687
273 439 353
273 451 439
798 727 359
567 798 569
567 752 908
498 983 423
946 418 752
808 201 314
408 308 169
696 595 673
314 201 408
974 987 1011
1071 355 391
1105 604 889
377 1105 889
1071 1058 1105
722 1058 289
722 760 1058
1029 651 217
172 1029 604
172 816 1029
1009 260 1068
767 766 1009
773 767 608
282 1011 1060
391 355 773
355 380 767
380 312 766
502 503 287
895 801 325
361 895 678
568 801 895
491 188 193
729 491 503
325 729 299
325 1046 729
729 1046 491
678 895 299
887 424 1000
923 231 258
403 741 335
403 592 741
452 1046 354
592 1101 741
659 592 403
354 659 403
325 348 659
348 607 1101
923 258 628
167 1056 628
741 231 923
872 884 207
866 516 872
872 516 384
288 866 309
267 516 866
672 400 671
692 476 939
962 692 665
919 962 646
384 692 962
319 476 692
515 1051 1069
795 177 975
890 795 1038
236 890 295
236 1091 890
1085 307 828
177 1085 828
890 1091 1085
1091 236 691
480 307 1091
915 480 250
241 684 1034
1085 177 795
890 1085 795
317 437 828
784 210 206
930 357 784
884 177 772
384 919 872
919 975 884
688 169 695
820 1005 221
696 673 169
358 696 688
358 595 696
1097 282 528
987 289 1071
773 1060 391
974 289 987
1005 974 688
221 1005 688
820 469 1005
469 289 974
766 767 380
1060 1011 987
608 1060 773
608 282 1060
1105 1058 604
987 1071 391
289 1058 1071
688 974 358
1005 469 974
379 820 221
379 679 820
679 518 722
820 679 469
379 566 679
1058 760 604
1097 272 807
1097 479 272
595 1097 514
595 282 1097
1060 987 391
358 1011 282
358 974 1011
264 1051 528
515 357 272
1051 515 479
528 1051 479
264 714 1051
803 829 295
1069 714 829
939 1069 803
1051 714 1069
264 524 714
524 264 237
268 524 237
268 691 640
934 687 314
673 934 408
514 687 934
524 640 714
408 201 308
906 439 687
807 906 687
206 353 906
906 353 439
216 815 166
266 308 201
965 28 3
351 965 29
438 404 965
929 458 695
769 610 261
551 458 610
947 551 610
438 841 404
438 494 841
494 379 551
351 991 438
379 221 551
27 28 404
695 221 688
308 695 169
458 221 695
769 947 610
551 841 494
458 551 221
632 194 474
824 877 326
165 1021 326
422 855 877
558 194 865
679 566 518
698 351 605
558 663 194
566 379 1084
3 29 965
351 29 30
410 351 30
4 410 30
31 32 427
518 223 722
566 558 518
1084 991 663
494 1084 379
494 991 1084
991 351 698
558 1084 663
494 438 991
877 715 613
422 877 824
855 715 877
509 855 422
509 630 896
1046 452 491
659 1046 325
659 354 1046
348 592 659
1053 224 822
1056 224 335
425 505 167
1047 197 350
822 1047 831
425 197 1047
412 425 167
1047 350 831
1100 440 1093
965 404 28
351 438 965
566 1084 558
608 237 264
282 608 528
773 355 767
1009 766 260
608 1009 237
608 767 1009
607 689 1101
355 1105 377
1101 231 741
348 1101 592
689 231 1101
889 689 377
355 1071 1105
604 1029 889
217 231 689
607 377 689
801 607 348
325 801 348
568 312 801
380 377 607
260 766 312
355 377 380
888 403 335
299 895 325
312 380 607
929 308 266
458 929 610
695 308 929
375 480 915
678 375 361
1052 568 361
783 503 502
299 783 868
299 729 783
241 1034 375
1034 317 480
1034 437 317
375 1034 480
684 437 1034
218 684 241
650 1082 684
502 1065 218
51 1082 650
1082 5 437
684 1082 437
51 5 1082
568 260 312
607 801 312
895 361 568
868 375 678
758 268 1068
915 758 1052
375 915 361
250 758 915
250 691 758
828 307 317
264 528 608
503 783 729
193 503 491
218 241 868
1052 758 1068
568 1052 260
361 915 1052
317 307 480
218 650 684
1012 177 828
5 1012 828
5 772 1012
1068 237 1009
1052 1068 260
268 237 1068
691 268 758
1091 691 250
480 1091 250
307 1085 1091
236 640 691
803 295 665
515 1069 357
829 640 236
1069 829 803
714 640 829
268 640 524
236 295 829
217 258 231
903 1004 682
776 406 513
867 219 694
406 867 785
394 219 867
503 193 287
468 193 873
48 468 47
294 287 468
502 287 294
1065 502 294
50 1065 49
50 650 1065
218 783 502
868 241 375
299 868 678
783 218 868
5 828 437
741 923 335
343 46 47
188 472 873
176 46 343
650 218 1065
51 650 50
873 472 343
47 873 343
193 188 873
294 48 49
1065 294 49
287 193 468
341 310 392
452 354 888
794 452 424
653 852 424
472 188 794
794 491 452
1053 830 224
182 1053 822
615 830 1053
310 615 1100
341 887 310
341 653 887
888 354 403
1000 888 830
615 1000 830
424 888 1000
424 452 888
468 48 294
873 47 468
45 46 176
653 45 176
653 44 45
830 888 335
224 830 335
615 887 1000
653 424 887
44 653 341
176 472 852
794 188 491
852 472 794
424 852 794
653 176 852
176 343 472
1100 182 440
310 1100 1093
615 1053 1100
389 163 622
894 862 870
183 711 198
183 499 1083
950 162 340
862 998 389
338 162 950
940 98 97
493 235 560
99 98 235
940 235 98
702 313 753
822 831 182
1100 1053 182
505 425 1047
350 560 702
224 505 822
197 493 350
560 235 313
702 560 313
350 493 560
123 263 124
235 493 763
412 876 425
876 254 620
664 984 620
1002 682 1026
254 1002 247
882 682 1002
412 882 876
903 571 1004
412 903 882
412 167 903
628 903 167
882 1002 876
903 682 882
1026 707 247
285 1026 682
285 785 1026
247 356 550
235 763 99
664 493 197
984 664 197
425 984 197
876 620 984
297 955 664
580 101 100
955 580 763
664 955 493
956 837 580
297 956 955
297 649 956
956 649 837
580 837 102
620 297 664
425 876 984
254 550 654
654 550 178
649 654 407
827 620 254
649 827 654
649 297 827
763 493 955
100 763 580
100 99 763
837 649 484
101 580 102
580 955 956
484 473 104
473 105 104
103 484 104
1066 1010 106
407 1066 473
407 178 1066
473 1066 105
1010 534 1088
105 1066 106
1066 178 534
990 457 191
1088 990 191
627 356 990
550 356 627
407 654 178
254 247 550
1048 450 771
211 1048 304
1024 553 1048
247 553 356
247 1002 1026
457 211 191
534 627 990
1048 553 450
990 1024 457
356 553 1024
876 1002 254
759 707 787
635 548 771
953 596 635
360 1013 596
457 1024 1048
409 759 787
1010 107 106
627 534 178
550 627 178
356 1024 990
1088 588 107
990 1088 534
191 588 1088
1010 1088 107
588 109 108
107 588 108
1076 211 598
1076 191 211
254 654 827
534 1010 1066
827 297 620
484 649 407
484 103 837
473 484 407
103 102 837
948 572 863
109 1076 110
211 304 598
1076 588 191
110 1076 598
109 588 1076
572 598 304
989 179 739
790 989 486
676 179 989
754 790 486
230 531 676
572 304 548
863 1013 112
401 114 113
112 401 113
986 190 643
401 360 986
694 219 657
694 328 867
416 694 657
409 328 694
531 409 694
576 928 230
331 759 928
707 553 247
785 787 1026
450 553 707
759 450 707
928 759 409
331 771 759
771 304 1048
759 771 450
331 635 771
576 331 928
190 576 230
953 360 596
190 953 576
190 986 953
1048 211 457
867 406 394
787 785 328
409 787 328
707 1026 787
285 406 785
1004 513 406
682 1004 285
571 513 1004
628 571 903
1056 923 628
505 1056 167
335 923 1056
258 571 628
258 217 651
896 816 542
285 1004 406
571 258 651
505 224 1056
651 1029 816
571 651 513
217 889 1029
790 190 230
989 790 676
754 643 790
925 922 643
793 925 754
116 115 925
986 922 401
754 925 643
115 114 922
790 643 190
793 754 486
253 793 486
117 116 793
925 115 922
117 253 118
118 253 905
1030 739 179
935 1030 179
810 1098 1030
240 810 324
1098 120 119
488 240 761
120 488 121
1098 119 905
905 119 118
1030 905 739
1098 488 120
1030 1098 905
810 488 1098
130 222 131
490 482 825
700 222 129
838 912 286
730 222 700
735 730 700
286 912 735
259 575 1090
306 321 730
471 774 271
321 757 1078
1070 1006 757
306 1070 321
774 1006 1070
271 774 306
921 383 911
757 901 972
921 381 383
901 1006 911
774 381 921
1031 522 135
242 1031 397
242 847 1031
700 128 286
597 219 280
690 416 952
639 690 251
639 935 690
181 676 531
676 790 230
739 486 989
253 117 793
739 253 486
324 810 1030
905 253 739
793 116 925
1037 530 208
199 883 750
242 530 883
306 730 1090
129 128 700
1006 901 757
321 1070 757
921 911 1006
208 530 383
530 242 911
575 298 271
780 1092 259
1092 195 585
694 416 531
597 657 219
952 251 690
597 952 657
597 490 952
736 597 280
490 251 952
543 324 639
892 543 699
949 892 699
263 761 892
892 761 240
954 280 630
532 954 509
557 280 954
532 611 557
429 724 532
283 590 853
979 368 845
1095 383 381
924 1095 804
924 853 1095
724 924 804
590 1027 963
471 298 845
575 536 298
1090 730 735
259 536 575
482 490 736
536 482 298
736 280 557
611 979 557
490 597 736
825 645 251
585 825 482
585 195 825
952 416 657
531 928 409
181 531 416
230 928 531
179 676 181
863 112 111
948 863 111
110 948 111
598 572 948
1013 360 401
572 1013 863
572 596 1013
110 598 948
548 596 572
112 1013 401
771 548 304
635 576 953
548 635 596
331 576 635
986 643 922
114 401 922
360 953 986
855 897 715
429 532 422
816 513 651
542 816 172
776 513 816
896 776 816
897 896 542
223 897 542
855 509 897
897 509 896
630 394 776
328 785 867
897 223 715
630 776 896
172 760 542
338 1021 162
163 389 950
246 593 786
381 774 471
1095 381 368
611 724 804
901 911 242
383 530 911
750 277 582
883 1037 750
208 963 1037
397 901 242
134 133 397
1006 774 921
972 132 1078
397 972 901
133 132 972
1070 306 774
630 280 219
406 776 394
509 954 630
824 1021 563
532 557 954
422 532 509
429 283 724
471 271 298
482 845 298
368 381 471
219 394 630
445 195 293
263 445 917
949 699 195
263 949 445
263 892 949
122 761 123
240 324 543
121 488 761
935 181 690
324 935 639
179 181 935
689 889 217
760 223 542
604 760 172
722 223 760
469 722 289
469 679 722
786 1021 338
246 786 338
786 563 1021
715 558 613
326 877 613
223 518 715
958 474 907
399 958 367
632 474 958
846 632 399
613 846 326
613 865 846
865 194 632
846 865 632
613 558 865
810 240 488
935 324 1030
416 690 181
251 645 639
949 195 445
645 699 543
645 825 699
639 645 543
251 490 825
761 263 123
121 761 122
240 543 892
917 124 263
917 1063 125
1092 536 259
195 1092 293
585 536 1092
699 825 195
482 536 585
838 286 127
780 838 413
286 735 700
780 912 838
780 259 912
1063 293 413
126 1063 413
917 293 1063
124 917 125
445 293 917
413 838 127
125 1063 126
912 259 735
293 780 413
293 1092 780
286 128 127
126 413 127
1090 575 271
306 1090 271
735 259 1090
130 129 222
222 321 1078
778 174 252
199 750 977
277 174 582
383 1095 208
277 1027 174
963 853 590
1037 963 277
208 853 963
283 593 775
972 397 133
1037 277 750
1018 570 137
847 1018 522
199 570 1018
301 886 879
296 520 187
886 483 599
321 222 730
1078 132 131
222 1078 131
757 972 1078
225 160 187
743 778 252
847 242 883
1018 847 199
522 1031 847
135 522 136
135 134 1031
1031 134 397
522 1018 136
748 170 599
998 950 389
153 937 24
870 389 622
183 1083 711
998 338 950
1062 998 862
711 1062 862
713 998 1062
713 246 998
849 861 506
506 239 396
681 447 1023
874 681 362
1035 874 362
233 937 874
318 447 681
862 894 711
362 681 441
318 878 447
506 396 459
849 506 459
602 849 461
602 1016 861
441 239 506
622 538 396
870 622 239
441 1023 239
862 389 870
163 538 622
833 387 315
586 637 864
601 347 683
864 637 347
833 864 601
833 920 864
812 180 492
586 812 637
586 661 812
227 683 347
433 387 442
538 433 442
239 622 396
163 433 538
951 340 720
163 574 433
163 340 574
296 160 18
879 185 809
187 879 225
599 185 879
886 599 879
252 886 301
252 483 886
483 748 599
879 158 225
346 234 17
141 625 346
782 18 320
426 782 320
527 311 782
570 500 138
136 1018 137
199 512 570
405 140 139
1064 196 517
625 1096 517
791 857 1064
778 743 857
857 743 616
977 778 512
199 977 512
750 582 977
582 174 778
252 417 743
417 196 616
1064 1096 791
1096 625 453
791 1096 405
1064 517 1096
311 517 196
1096 453 405
527 625 517
527 578 625
141 140 453
725 138 500
1027 623 523
963 1027 277
590 623 1027
1027 523 174
283 775 590
775 638 623
590 775 623
899 713 1083
593 899 775
593 246 899
748 483 174
485 748 523
485 170 748
851 170 485
499 881 1033
851 648 170
893 856 851
881 893 851
1081 323 937
910 154 155
893 988 856
1081 327 323
856 988 910
893 327 988
748 174 523
185 599 170
252 174 483
520 311 196
1064 616 196
725 944 405
500 512 857
857 512 778
1064 857 616
791 944 857
301 417 252
520 296 311
301 520 417
301 187 520
160 296 187
520 196 417
18 311 296
578 426 234
346 578 234
527 782 578
142 141 346
517 311 527
570 138 137
512 500 570
977 582 778
847 883 199
883 530 1037
743 417 616
725 139 138
944 725 500
857 944 500
791 405 944
405 139 725
140 405 453
18 782 311
625 141 453
968 18 143
255 320 205
255 817 426
625 578 346
782 426 578
320 255 426
329 710 205
817 234 426
710 1099 255
15 16 817
17 142 346
968 320 18
144 1032 143
205 320 968
329 205 184
435 329 184
215 444 677
16 17 234
205 968 184
817 16 234
463 1032 144
255 1099 817
1032 184 968
143 1032 968
463 184 1032
145 463 144
145 733 463
710 329 677
562 1099 710
255 205 710
680 781 371
147 209 146
15 817 1099
562 545 243
14 1099 13
677 545 562
562 710 677
13 1099 562
14 15 1099
329 215 677
781 209 549
371 781 549
733 146 781
463 733 680
146 209 781
680 371 435
184 680 435
145 146 733
385 149 823
477 209 475
716 303 478
1020 770 716
858 535 717
549 209 477
371 549 303
781 680 733
717 444 215
680 184 463
215 435 371
215 329 435
478 303 549
1001 478 477
385 1001 477
284 591 1001
591 238 716
1001 591 478
284 964 797
770 279 535
238 1020 716
244 279 770
1036 243 552
96 12 243
562 12 13
147 148 475
373 969 257
716 478 591
1080 333 731
964 1080 731
964 526 1080
1001 526 284
229 843 526
1001 229 526
1001 385 229
549 477 478
475 385 477
147 475 209
148 385 475
148 149 385
149 150 823
902 151 152
385 823 229
150 151 902
535 336 444
858 770 535
303 858 717
716 770 858
1103 454 94
1036 1103 95
957 454 1103
535 957 552
279 454 957
704 454 279
334 704 244
443 93 704
717 535 444
303 717 371
303 716 858
279 957 535
717 215 371
552 545 336
545 677 444
336 545 444
243 12 562
902 1087 843
823 902 843
152 204 1087
1087 204 840
552 243 545
535 552 336
1036 96 243
957 1036 552
957 1103 1036
95 96 1036
961 257 175
443 556 92
556 322 91
92 556 91
443 619 556
93 443 92
619 415 510
1020 334 244
770 1020 244
238 811 1020
836 811 238
834 836 373
834 533 836
419 933 322
204 152 19
704 334 443
704 279 244
94 454 93
94 95 1103
726 834 332
1104 533 1041
836 238 573
373 836 573
732 415 811
938 419 844
256 938 411
213 419 938
334 1020 811
93 454 704
419 510 844
732 811 533
797 573 238
591 797 238
591 284 797
969 731 175
797 964 573
284 526 964
257 332 373
969 175 257
573 969 373
573 964 969
186 332 257
91 322 933
629 19 20
629 428 721
843 229 823
150 902 823
333 1080 843
1087 333 843
152 1087 902
840 333 1087
686 840 204
686 927 840
843 1080 526
961 175 212
464 1089 212
186 257 961
719 487 214
84 719 541
85 487 719
89 90 933
728 359 727
834 726 1041
811 836 533
373 332 834
723 359 726
745 723 332
186 745 332
634 799 997
997 799 1015
723 997 765
745 634 997
186 641 745
281 203 799
398 719 214
619 510 322
334 619 443
334 415 619
945 481 411
850 504 945
504 996 993
619 322 556
732 510 415
334 811 415
844 411 938
533 844 732
533 1104 844
419 322 510
732 844 510
933 90 91
213 933 419
213 89 933
559 213 256
1014 880 559
481 1014 256
497 941 1014
88 89 559
559 89 213
880 87 88
256 1014 559
941 87 880
1014 941 880
497 487 941
487 86 941
941 86 87
398 541 719
85 86 487
274 82 83
603 507 248
978 1075 290
835 507 603
764 859 740
79 390 78
342 871 390
80 342 79
1094 507 270
432 1094 270
871 1057 1094
507 418 270
290 603 248
330 418 507
818 363 278
1035 1077 233
1067 932 62
220 1067 63
220 465 1067
826 275 81
274 826 82
274 290 826
655 658 232
818 740 363
800 818 278
708 740 818
390 79 342
848 168 393
581 660 349
614 168 508
1042 606 693
64 489 220
171 496 606
617 366 544
189 617 449
189 966 617
655 913 554
918 366 860
168 544 173
168 449 544
789 655 232
423 789 567
913 701 554
983 913 789
423 983 789
498 885 983
1055 885 860
976 73 74
976 647 73
800 976 434
800 854 976
708 818 434
278 269 800
587 529 1025
708 75 76
269 832 854
74 75 434
617 544 449
451 314 439
436 618 973
697 1017 808
273 973 451
305 1017 697
1008 455 842
1044 633 1008
344 667 633
455 802 985
515 272 479
1069 939 357
1038 665 295
646 962 665
1038 646 665
890 1038 295
795 975 1038
384 746 692
476 784 357
939 665 692
357 939 476
803 665 939
784 206 930
319 784 476
319 210 784
501 265 378
848 462 508
369 1028 555
577 372 718
1028 577 943
667 344 577
1028 667 577
802 455 633
364 802 667
364 985 802
744 265 501
173 744 393
173 706 744
1057 248 1094
342 1057 871
275 248 1057
81 275 80
81 82 826
432 270 658
859 432 291
1094 248 507
859 871 432
342 80 275
747 966 189
966 395 366
617 966 366
747 626 966
529 414 1102
414 395 626
1102 414 626
705 1102 626
705 891 1102
891 529 1102
583 891 164
1040 796 1025
529 1040 1025
583 71 1040
1040 71 796
269 554 612
554 402 495
529 587 414
859 390 871
740 859 291
764 390 859
946 232 418
567 946 752
789 232 946
913 655 789
1055 860 701
913 1055 701
983 885 1055
913 983 1055
631 885 498
631 706 885
366 395 860
395 612 701
554 495 655
658 495 363
232 658 270
655 495 658
612 554 701
414 612 395
414 832 612
269 402 554
402 363 495
278 402 269
363 291 658
278 363 402
291 432 658
740 291 363
76 77 708
764 78 390
708 764 740
77 78 764
434 818 800
75 708 434
708 77 764
976 74 434
583 1040 891
73 796 72
1040 529 891
647 1025 796
647 587 1025
976 854 647
832 414 587
854 832 587
647 854 587
800 269 854
269 612 832
647 796 73
796 71 72
926 583 164
875 999 164
525 69 926
70 71 583
926 69 70
772 207 884
33 772 5
365 207 772
34 365 33
34 1086 644
747 875 705
68 525 292
68 69 525
583 926 70
999 656 525
705 875 164
747 189 875
288 644 1086
292 171 66
68 292 67
656 456 1022
525 656 292
999 926 164
656 999 875
525 926 999
1086 35 36
262 1086 36
262 288 1086
614 449 168
660 614 508
462 660 508
581 465 762
1022 606 496
614 762 1007
1042 489 606
1007 1042 693
465 220 1042
1007 762 1042
660 762 614
660 581 762
564 581 349
202 932 581
220 489 1042
932 1067 465
652 189 449
1022 693 606
656 1022 496
456 652 1022
189 652 456
1042 762 465
652 1007 693
652 614 1007
496 292 656
652 693 1022
449 614 652
489 579 606
171 292 496
66 171 65
66 67 292
674 1043 819
36 37 262
37 38 674
751 228 40
370 788 161
1072 228 382
734 1072 382
245 1043 1072
936 288 262
516 672 746
207 365 644
674 262 37
821 262 674
819 821 674
994 737 267
821 994 936
819 737 994
813 737 245
994 267 936
669 420 900
378 669 668
374 420 669
788 370 421
734 788 466
734 1019 788
161 1039 1049
746 671 210
746 672 671
692 746 319
384 516 746
516 267 672
1086 34 35
936 866 288
821 936 262
267 866 936
644 365 34
309 644 288
309 207 644
579 489 64
171 579 65
171 606 579
228 1043 1079
985 369 668
1079 674 38
39 1079 38
1043 674 1079
1072 1043 228
245 819 1043
65 579 64
40 228 39
64 220 63
40 41 751
848 555 565
168 848 508
393 555 848
564 539 537
462 564 349
431 539 564
386 916 300
749 60 192
192 61 932
61 192 60
61 62 932
42 594 41
192 537 749
814 42 6
1039 594 814
1019 971 161
788 1019 161
734 382 1019
382 751 971
751 41 594
971 751 594
382 228 751
202 537 192
59 316 58
1039 388 1049
971 1039 161
814 388 1039
42 814 594
6 388 814
685 386 300
376 521 670
55 56 460
58 316 916
393 168 173
537 202 581
564 537 581
300 539 431
316 749 539
749 59 60
539 749 537
316 59 749
1067 62 63
581 932 465
202 192 932
670 372 376
430 521 376
779 386 685
670 779 685
460 56 779
718 300 431
670 685 372
670 460 779
57 386 56
916 316 300
57 916 386
57 58 916
869 388 7
1054 842 1049
904 1054 1049
226 1008 1054
1039 971 594
7 388 6
8 869 7
511 200 904
386 779 56
52 200 11
768 339 200
53 768 52
53 839 768
842 370 161
1049 842 161
904 1049 388
904 339 1054
1008 633 455
1054 1008 842
1044 376 344
226 1044 1008
226 430 1044
636 869 8
9 636 8
511 904 869
768 430 226
904 388 869
339 904 200
339 226 1054
839 54 521
52 768 200
200 511 11
942 9 10
942 636 9
1045 805 942
982 1045 440
982 11 1045
11 511 805
511 869 636
942 805 636
310 1093 392
440 1045 942
341 43 44
392 10 43
341 392 43
1093 440 942
392 1093 942
310 887 615
831 350 702
182 831 702
822 505 1047
392 942 10
753 440 182
702 753 182
982 97 11
313 940 753
313 235 940
805 511 636
1045 11 805
753 982 440
753 940 982
982 940 97
541 978 84
978 274 83
84 978 83
541 1075 978
996 504 662
214 993 398
214 481 993
248 275 826
290 248 826
4 31 410
225 158 159
160 225 159
187 301 879
648 185 170
809 157 879
879 157 158
648 809 185
648 970 809
809 156 157
878 198 447
605 351 410
427 605 410
1050 561 276
898 1050 755
898 561 1050
605 898 698
931 792 769
427 931 898
427 1073 931
991 698 663
31 427 410
1073 25 792
32 1073 427
32 1 1073
713 899 246
899 638 775
338 998 246
1083 499 638
1062 1083 713
1062 711 1083
600 523 638
1021 824 326
162 1021 165
786 352 563
429 563 352
422 824 563
429 422 563
283 429 352
845 368 471
736 845 482
979 611 804
736 979 845
736 557 979
532 724 611
804 1095 368
979 804 368
924 283 853
208 1095 853
724 283 924
715 518 558
600 638 499
352 593 283
352 786 593
1017 166 808
1061 1017 305
675 216 1017
703 261 610
981 960 276
738 960 815
914 907 960
958 907 367
474 709 907
474 1050 709
474 755 1050
698 898 755
663 698 755
605 427 898
194 663 755
792 25 26
756 792 26
769 561 931
276 561 261
931 1073 792
755 474 194
276 709 1050
981 703 266
960 981 815
276 703 981
881 183 878
327 893 878
1033 600 499
851 1033 881
851 485 1033
881 499 183
523 600 485
523 623 638
638 899 1083
808 166 201
451 808 314
451 697 808
1015 423 569
742 618 423
697 742 305
973 273 519
697 973 742
697 451 973
436 631 618
519 436 973
446 519 273
446 265 519
918 173 544
436 706 631
265 744 706
203 806 995
387 433 574
833 601 387
609 584 315
345 920 833
442 459 538
448 227 347
464 448 492
467 1074 1089
721 204 629
464 777 666
927 175 731
624 428 547
163 950 340
464 180 1089
347 492 448
347 637 492
683 442 601
459 683 227
459 442 683
461 459 227
448 642 959
861 362 441
506 861 441
849 602 861
624 602 461
1016 362 861
547 1016 602
547 1003 1077
624 547 602
959 642 461
227 959 461
227 448 959
777 464 212
927 777 212
175 927 212
731 840 927
686 721 992
992 666 777
642 448 666
461 642 624
448 464 666
1077 21 22
428 1003 547
428 629 1003
396 538 459
661 281 634
180 812 467
586 281 661
347 601 864
920 806 586
864 920 586
345 806 920
878 183 198
327 878 318
878 893 881
600 1033 485
323 327 318
1081 937 153
910 1081 154
988 327 1081
809 970 156
851 856 648
856 910 970
937 233 24
154 1081 153
323 874 937
323 318 681
1081 910 988
970 155 156
856 970 648
910 155 970
1023 894 239
681 1023 441
447 894 1023
756 26 2
404 756 27
947 841 551
712 584 609
399 712 609
367 470 712
546 345 584
609 302 399
806 281 586
492 637 812
947 792 756
561 769 261
561 898 931
233 23 24
894 870 239
198 894 447
198 711 894
1077 23 233
1077 1035 1016
21 1077 1003
22 23 1077
323 681 874
461 849 459
