1.000000000000000e+00 1.665334536937735e-17
9.975150000000000e-01 -1.952889412018759e-04
9.930137850018769e-01 -5.478231321445106e-04
9.872434458022552e-01 -9.975364308482913e-04
9.804800000000000e-01 -1.521567382850105e-03
9.728876757728150e-01 -2.105995825145198e-03
9.645803783193553e-01 -2.741006874448285e-03
9.556439792700022e-01 -3.419133493740432e-03
9.461467475448325e-01 -4.134429190407815e-03
9.361450000000000e-01 -4.882014624471229e-03
9.256864749860431e-01 -5.657801718937697e-03
9.148124922597216e-01 -6.458312031712103e-03
9.035594110345649e-01 -7.280549478108371e-03
8.919596560307215e-01 -8.121906471881863e-03
8.800424641800274e-01 -8.980091730631280e-03
8.678344433106719e-01 -9.853072781299472e-03
8.553599999999999e-01 -1.073902885729263e-02
8.426416737983020e-01 -1.163631142536586e-02
8.297004028190319e-01 -1.254341051824579e-02
8.165557379610908e-01 -1.345892563700129e-02
8.032260179800186e-01 -1.438154036632723e-02
7.897285142369513e-01 -1.531000009609484e-02
7.760795516260295e-01 -1.624309241079004e-02
7.622946105470050e-01 -1.717962982337738e-02
7.483884136213119e-01 -1.811843460954793e-02
7.343750000000000e-01 -1.905832555367361e-02
7.202677894842998e-01 -1.999810645658587e-02
7.060796382095994e-01 -2.093655628253195e-02
6.918228872871965e-01 -2.187242084174380e-02
6.775094055247503e-01 -2.280440591832891e-02
6.631506271343227e-01 -2.373117176232480e-02
6.487575851708679e-01 -2.465132887090644e-02
6.343409413128126e-01 -2.556343498775548e-02
6.199110124918114e-01 -2.646599325209880e-02
6.054777947947669e-01 -2.735745143035058e-02
5.910509849932390e-01 -2.823620216398364e-02
5.766400000000000e-01 -2.910058416745401e-02
5.622539945070886e-01 -2.994888430989514e-02
5.479018770222552e-01 -3.077934051402555e-02
5.335923244896156e-01 -3.159014540537410e-02
5.193337956544063e-01 -3.237945064460525e-02
5.051345433100023e-01 -3.314537187547793e-02
4.910026255470466e-01 -3.388599422083929e-02
4.769459161090508e-01 -3.459937825907237e-02
4.629721139456537e-01 -3.528356641360644e-02
4.490887520434894e-01 -3.593658968847685e-02
4.353032056049903e-01 -3.655647468349761e-02
4.216226996371658e-01 -3.714125082339351e-02
4.080543160052605e-01 -3.768895773622637e-02
3.946050000000000e-01 -3.819967396938697e-02
3.812815664617709e-01 -3.868975014630735e-02
3.680907055003859e-01 -3.916107784521584e-02
3.550389878450015e-01 -3.961104240846319e-02
3.421328698551659e-01 -4.003703743954995e-02
3.293786982208213e-01 -4.043647406732107e-02
3.167827143763119e-01 -4.080678992772714e-02
3.043510586509887e-01 -4.114545781543065e-02
2.920897741768381e-01 -4.144999396003072e-02
2.800048105716260e-01 -4.171796588434629e-02
2.681020274143395e-01 -4.194699980501844e-02
2.563871975281760e-01 -4.213478753865708e-02
2.448660100849651e-01 -4.227909287985385e-02
2.335440735436903e-01 -4.237775742059793e-02
2.224269184346720e-01 -4.242870578395294e-02
2.115200000000000e-01 -4.242995024826993e-02
2.008287006999061e-01 -4.237959474171062e-02
1.903583325939804e-01 -4.227583819042469e-02
1.801141396053961e-01 -4.211697720735278e-02
1.701012996756774e-01 -4.190140811230231e-02
1.603249268169264e-01 -4.162762827765308e-02
1.507900730679135e-01 -4.129423679778089e-02
1.415017303599269e-01 -4.089993448403287e-02
1.324648322978486e-01 -4.044352319082910e-02
1.236842558615075e-01 -3.992390448219704e-02
1.151648230319955e-01 -3.934007765174943e-02
1.069113023472976e-01 -3.869113711278765e-02
9.892841039127187e-02 -3.797626917883350e-02
9.122081321973485e-02 -3.719474825845488e-02
8.379312772714909e-02 -3.634593249174265e-02
7.664992295716999e-02 -3.542925885920346e-02
6.979572136008738e-02 -3.444423779714773e-02
6.323499999999982e-02 -3.339044735685907e-02
5.697219171436929e-02 -3.226752694792145e-02
5.101168622843422e-02 -3.107517070904047e-02
4.535783122679948e-02 -2.981312055251407e-02
4.001493338437823e-02 -2.848115893117555e-02
3.498725935871705e-02 -2.707910137913177e-02
3.027903674562138e-02 -2.560678887994848e-02
2.589445499987009e-02 -2.406408011807100e-02
2.183766632271100e-02 -2.245084367121070e-02
1.811278651771819e-02 -2.076695020315461e-02
1.472389581650757e-02 -1.901226471796503e-02
1.167503967571470e-02 -1.718663893780764e-02
8.970229546559128e-03 -1.528990386767556e-02
6.613443618246007e-03 -1.332186261104801e-02
4.608627536384580e-03 -1.128228350102692e-02
2.959695097535242e-03 -9.170893611715261e-03
1.670528920937886e-03 -6.987372714533938e-03
7.449810984185845e-04 -4.731347743806624e-03
1.868738234129808e-04 -2.402387835249536e-03
0.000000000000000e+00 0.000000000000000e+00
1.868738234129808e-04 2.439753869475663e-03
7.449810984185845e-04 4.880205214281091e-03
1.670528920937886e-03 7.320780832002593e-03
2.959695097535242e-03 9.760642682454714e-03
4.608627536384580e-03 1.219869914636156e-02
6.613443618246007e-03 1.463361692557428e-02
8.970229546559128e-03 1.706383352245789e-02
1.167503967571470e-02 1.948757023509321e-02
1.472389581650757e-02 2.190284560426270e-02
1.811278651771819e-02 2.430748924783914e-02
2.183766632271100e-02 2.669915601814738e-02
2.589445499987009e-02 2.907534041810994e-02
3.027903674562138e-02 3.143339121251208e-02
3.498725935871705e-02 3.377052617151664e-02
4.001493338437823e-02 3.608384688461214e-02
4.535783122679948e-02 3.837035358447426e-02
5.101168622843422e-02 4.062695992176026e-02
5.697219171436929e-02 4.285050763361060e-02
6.323499999999982e-02 4.503778105060904e-02
6.979572136008738e-02 4.718552138912147e-02
7.664992295716999e-02 4.929044077830243e-02
8.379312772714909e-02 5.134923597359788e-02
9.122081321973485e-02 5.335860171128440e-02
9.892841039127187e-02 5.531524366145189e-02
1.069113023472976e-01 5.721589093984835e-02
1.151648230319955e-01 5.905730814215082e-02
1.236842558615075e-01 6.083630686749483e-02
1.324648322978486e-01 6.254975670147452e-02
1.415017303599269e-01 6.419459563230487e-02
1.507900730679135e-01 6.576783987740692e-02
1.603249268169264e-01 6.726659310132516e-02
1.701012996756774e-01 6.868805500959914e-02
1.801141396053961e-01 7.002952930698397e-02
1.903583325939804e-01 7.128843101223065e-02
2.008287006999061e-01 7.246229312548873e-02
2.115200000000000e-01 7.354877264826992e-02
2.224269184346720e-01 7.454565595980128e-02
2.335440735436903e-01 7.545086355749084e-02
2.448660100849651e-01 7.626245417311431e-02
2.563871975281760e-01 7.697862828020430e-02
2.681020274143395e-01 7.759773101196653e-02
2.800048105716260e-01 7.811825451285843e-02
2.920897741768381e-01 7.853883975072926e-02
3.043510586509887e-01 7.885827782013399e-02
3.167827143763119e-01 7.907551077108352e-02
3.293786982208213e-01 7.918963200107461e-02
3.421328698551659e-01 7.919988625175016e-02
3.550389878450015e-01 7.910566925496271e-02
3.680907055003859e-01 7.890652707635006e-02
3.812815664617709e-01 7.860215520777608e-02
3.946050000000000e-01 7.819239746313697e-02
4.080543160052605e-01 7.768174973552495e-02
4.216226996371658e-01 7.708930180788250e-02
4.353032056049903e-01 7.641799509172113e-02
4.490887520434894e-01 7.566884462434494e-02
4.629721139456537e-01 7.484295673196373e-02
4.769459161090508e-01 7.394152559175447e-02
4.910026255470466e-01 7.296583001456640e-02
5.051345433100023e-01 7.191723052025541e-02
5.193337956544063e-01 7.079716677957330e-02
5.335923244896156e-01 6.960715549842535e-02
5.479018770222552e-01 6.834878882216928e-02
5.622539945070886e-01 6.702373333950556e-02
5.766400000000000e-01 6.563372976745402e-02
5.910509849932390e-01 6.418059340099622e-02
6.054777947947669e-01 6.266621541327055e-02
6.199110124918114e-01 6.109256509485729e-02
6.343409413128126e-01 5.946169312382492e-02
6.487575851708679e-01 5.777573596201293e-02
6.631506271343227e-01 5.603692147774843e-02
6.775094055247503e-01 5.424757590114000e-02
6.918228872871965e-01 5.241013222567316e-02
7.060796382095994e-01 5.052714017958537e-02
7.202677894842998e-01 4.860127790312367e-02
7.343750000000000e-01 4.663536548422917e-02
7.483884136213119e-01 4.463238052670633e-02
7.622946105470050e-01 4.259547595322115e-02
7.760795516260295e-01 4.052800028287500e-02
7.897285142369513e-01 3.843352067283468e-02
8.032260179800186e-01 3.631584908010253e-02
8.165557379610908e-01 3.417907198941141e-02
8.297004028190319e-01 3.202758427570820e-02
8.426416737983020e-01 2.986612793837003e-02
8.553599999999999e-01 2.769983667951487e-02
8.678344433106719e-01 2.553428763154321e-02
8.800424641800274e-01 2.337556201773874e-02
8.919596560307215e-01 2.123031723167456e-02
9.035594110345649e-01 1.910587387349971e-02
9.148124922597216e-01 1.701032289986034e-02
9.256864749860431e-01 1.495266060968752e-02
9.361450000000000e-01 1.294296339947123e-02
9.461467475448325e-01 1.099262142887460e-02
9.556439792700022e-01 9.114663304962358e-03
9.645803783193553e-01 7.324228698534241e-03
9.728876757728150e-01 5.639297041547644e-03
9.804800000000000e-01 4.081897338405657e-03
9.872434458022552e-01 2.680329248880934e-03
9.930137850018769e-01 1.473895443005372e-03
9.975150000000000e-01 5.259361384240886e-04
1.000000000000000e+00 -1.665334536937735e-17
