1.266576946759163e+00 -1.256545654351749e-01
1.266001211980920e+00 -1.254192299179597e-01
1.264958372889619e+00 -1.249929100525657e-01
1.263621535839201e+00 -1.244463199214134e-01
1.262054655538464e+00 -1.238055865287387e-01
1.260295775050794e+00 -1.230862755053529e-01
1.258371266526973e+00 -1.222992122567430e-01
1.256300995705139e+00 -1.214525919669295e-01
1.254100739340761e+00 -1.205529657813169e-01
1.251783495421792e+00 -1.196057736833366e-01
1.249360266035005e+00 -1.186156612619175e-01
1.246840559210432e+00 -1.175866811993213e-01
1.244232728269967e+00 -1.165224280460889e-01
1.241544211163193e+00 -1.154261319239050e-01
1.238781705124643e+00 -1.143007256855651e-01
1.235951297781820e+00 -1.131488942430532e-01
1.233058567938483e+00 -1.119731115335880e-01
1.230108664630722e+00 -1.107756686935396e-01
1.227106370228061e+00 -1.095586958476639e-01
1.224056151563628e+00 -1.083241791833910e-01
1.220962201910045e+00 -1.070739744966599e-01
1.217828475834952e+00 -1.058098180703158e-01
1.214658718432611e+00 -1.045333355213840e-01
1.211456490051304e+00 -1.032460490949363e-01
1.208225187367147e+00 -1.019493837680705e-01
1.204968061459585e+00 -1.006446724437781e-01
1.201688233399797e+00 -9.933316045204559e-02
1.198388707755651e+00 -9.801600952826434e-02
1.195072384335449e+00 -9.669430140273522e-02
1.191742068430442e+00 -9.536904110682506e-02
1.188400479767964e+00 -9.404116007911416e-02
1.185050260349484e+00 -9.271151913719253e-02
1.181693981318304e+00 -9.138091136655076e-02
1.178334148978158e+00 -9.005006496648714e-02
1.174973210065210e+00 -8.871964608353153e-02
1.171613556360786e+00 -8.739026165513041e-02
1.168257528719931e+00 -8.606246227991796e-02
1.164907420580821e+00 -8.473674512555467e-02
1.161565481011817e+00 -8.341355688065660e-02
1.158233917346130e+00 -8.209329675360628e-02
1.154914897448335e+00 -8.077631951791278e-02
1.151610551652236e+00 -7.946293860117550e-02
1.148322974405529e+00 -7.815342921252653e-02
1.145054225653274e+00 -7.684803150161999e-02
1.141806331989263e+00 -7.554695374074839e-02
1.138581287601827e+00 -7.425037552046010e-02
1.135381055038415e+00 -7.295845094808820e-02
1.132207565811345e+00 -7.167131183785411e-02
1.129062720865423e+00 -7.038907088065417e-02
1.125947963817636e+00 -6.911274071934713e-02
1.122861275190920e+00 -6.785068345800167e-02
1.119803667918020e+00 -6.660468439244319e-02
1.116777085869943e+00 -6.537446179527746e-02
1.113783451462420e+00 -6.415971229470904e-02
1.110824665174014e+00 -6.296011468825950e-02
1.107902605040116e+00 -6.177533363898816e-02
1.105019126134009e+00 -6.060502324366204e-02
1.102176060045330e+00 -5.944883046274484e-02
1.099375214365544e+00 -5.830639840257600e-02
1.096618372189265e+00 -5.717736944068601e-02
1.093907291639562e+00 -5.606138818583208e-02
1.091243705424682e+00 -5.495810426503737e-02
1.088629320432920e+00 -5.386717493066644e-02
1.086065817371726e+00 -5.278826748136650e-02
1.083554850456424e+00 -5.172106149154365e-02
1.081098047153322e+00 -5.066525084491623e-02
1.078697007981314e+00 -4.962054556859566e-02
1.076353306375439e+00 -4.858667346507616e-02
1.074068488615271e+00 -4.756338154047147e-02
1.071844073820345e+00 -4.655043722830864e-02
1.069681554014265e+00 -4.554762940917599e-02
1.067582394258511e+00 -4.455476922751901e-02
1.065548032856384e+00 -4.357169070787913e-02
1.063579881626936e+00 -4.259825117387393e-02
1.061679326248190e+00 -4.163433147421831e-02
1.059847726668363e+00 -4.067983602108155e-02
1.058086417583288e+00 -3.973469264706017e-02
1.056396708977687e+00 -3.879885228801808e-02
1.054779886727429e+00 -3.787228850000070e-02
1.053237213259416e+00 -3.695499681936380e-02
1.051769928265241e+00 -3.604699397616667e-02
1.050379249464306e+00 -3.514831697176224e-02
1.049066373411640e+00 -3.425902203236697e-02
1.047832476345215e+00 -3.337918345120897e-02
1.046678715067177e+00 -3.250889233263077e-02
1.045606227852997e+00 -3.164825525225959e-02
1.044616135382203e+00 -3.079739284804721e-02
1.043709541684034e+00 -2.995643835762629e-02
1.042887535091004e+00 -2.912553611801812e-02
1.042151189193145e+00 -2.830484004426406e-02
1.041501563785389e+00 -2.749451210402770e-02
1.040939705800384e+00 -2.669472080563108e-02
1.040466650218800e+00 -2.590563971733622e-02
1.040083420949078e+00 -2.512744603596447e-02
1.039791031668412e+00 -2.436031922315487e-02
1.039590486616710e+00 -2.360443972769589e-02
1.039482781335209e+00 -2.285998781241932e-02
1.039468903341431e+00 -2.212714250411752e-02
1.039549832732188e+00 -2.140608068483438e-02
1.039726542706454e+00 -2.069697634267635e-02
1.040000000000000e+00 -2.000000000000000e-02
1.040366035678439e+00 -1.932557923863655e-02
1.040819213295868e+00 -1.868388528126249e-02
1.041358555522855e+00 -1.807477032369811e-02
1.041983035385435e+00 -1.749817569867769e-02
1.042691577888710e+00 -1.695412803375820e-02
1.043483061720879e+00 -1.644273522490972e-02
1.044356321029276e+00 -1.596418224333424e-02
1.045310147259852e+00 -1.551872679333278e-02
1.046343291051418e+00 -1.510669483922527e-02
1.047454464175926e+00 -1.472847601941907e-02
1.048642341516043e+00 -1.438451896572838e-02
1.049905563071288e+00 -1.407532654596935e-02
1.051242735984050e+00 -1.380145104769820e-02
1.052652436576898e+00 -1.356348932072455e-02
1.054133212392730e+00 -1.336207789572366e-02
1.055683584229433e+00 -1.319788809589185e-02
1.057302048160932e+00 -1.307162115814215e-02
1.058987077536710e+00 -1.298400337982608e-02
1.060737124952108e+00 -1.293578130639432e-02
1.062550624181995e+00 -1.292771697477845e-02
1.064425992070666e+00 -1.296058322658954e-02
1.066361630371142e+00 -1.303515910449164e-02
1.068355927527377e+00 -1.315222534432129e-02
1.070407260393201e+00 -1.331255997469135e-02
1.072513995882213e+00 -1.351693403494204e-02
1.074674492543205e+00 -1.376610742138667e-02
1.076887102056071e+00 -1.406082487084757e-02
1.079150170643590e+00 -1.440181208949164e-02
1.081462040394831e+00 -1.478977203395820e-02
1.083821050496395e+00 -1.522538135072674e-02
1.086225538368092e+00 -1.570928697860213e-02
1.088673840700088e+00 -1.624210291810220e-02
1.091164294388996e+00 -1.682440717041997e-02
1.093695237370776e+00 -1.745673884750412e-02
1.096265009348778e+00 -1.813959545365606e-02
1.098871952415625e+00 -1.887343033788745e-02
1.101514411568093e+00 -1.965865031511449e-02
1.104190735114503e+00 -2.049561345309399e-02
1.106899274974550e+00 -2.138462702082598e-02
1.109638386871864e+00 -2.232594559296691e-02
1.112406430419932e+00 -2.331976930361299e-02
1.115201769102370e+00 -2.436624224163010e-02
1.118022770148810e+00 -2.546545097852376e-02
1.120867804307975e+00 -2.661742321866211e-02
1.123735245519743e+00 -2.782212656048774e-02
1.126623470488212e+00 -2.907946735617849e-02
1.129530858157960e+00 -3.038928965604651e-02
1.132455789095808e+00 -3.175137422279384e-02
1.135396644780470e+00 -3.316543759957384e-02
1.138351806802482e+00 -3.463113121463557e-02
1.141319655976765e+00 -3.614804050415261e-02
1.144299523317768e+00 -3.771364257516179e-02
1.147293790058441e+00 -3.931879953559618e-02
1.150301390675127e+00 -4.096168791883277e-02
1.153320817179983e+00 -4.264135233504832e-02
1.156350544421553e+00 -4.435678952634148e-02
1.159389028188649e+00 -4.610694826036978e-02
1.162434703224964e+00 -4.789072909889541e-02
1.165485981151748e+00 -4.970698401442908e-02
1.168541248294614e+00 -5.155451582677706e-02
1.171598863408885e+00 -5.343207742979239e-02
1.174657155296089e+00 -5.533837077697860e-02
1.177714420301894e+00 -5.727204559274857e-02
1.180768919683172e+00 -5.923169777404866e-02
1.183818876828698e+00 -6.121586744465685e-02
1.186862474314265e+00 -6.322303662166687e-02
1.189897850768506e+00 -6.525162645037803e-02
1.192923097520428e+00 -6.729999395989011e-02
1.195936254993258e+00 -6.936642828698952e-02
1.198935308801555e+00 -7.144914631019418e-02
1.201918185499261e+00 -7.354628762882787e-02
1.204882747915141e+00 -7.565590881337173e-02
1.207826789998272e+00 -7.777597684262670e-02
1.210748031079354e+00 -7.990436162981904e-02
1.213644109432638e+00 -8.203882752289340e-02
1.216512574997052e+00 -8.417702364279410e-02
1.219350881082139e+00 -8.631647289610170e-02
1.222156374842397e+00 -8.845455946299392e-02
1.224926286249699e+00 -9.058851451542622e-02
1.227657715223371e+00 -9.271539985986955e-02
1.230347616485404e+00 -9.483208911849997e-02
1.232992781585522e+00 -9.693524595462313e-02
1.235589817375066e+00 -9.902129870092388e-02
1.238135119981124e+00 -1.010864105458182e-01
1.240624843014716e+00 -1.031264441477933e-01
1.243054858294836e+00 -1.051369191396872e-01
1.245420706713138e+00 -1.071129603897253e-01
1.247717535885721e+00 -1.090492339974613e-01
1.249940019741747e+00 -1.109398666400699e-01
1.252082252835941e+00 -1.127783417297742e-01
1.254137608305556e+00 -1.145573623124440e-01
1.256098541790132e+00 -1.162686646028315e-01
1.257956311772664e+00 -1.179027552044922e-01
1.259700564140056e+00 -1.194485243260704e-01
1.261318681990792e+00 -1.208926444934894e-01
1.262794695076033e+00 -1.222185666189702e-01
1.264107264964352e+00 -1.234046704510342e-01
1.265225377636481e+00 -1.244203165251111e-01
1.266096462883881e+00 -1.252149636973750e-01
1.266576946759163e+00 -1.256545654351749e-01
