-2.616959114220163e-02 1.471528727020921e-02
-2.658362399947900e-02 1.444009441263192e-02
-2.733334654811953e-02 1.394128340310666e-02
-2.829399724011572e-02 1.330117889661102e-02
-2.941930947481589e-02 1.254994973930082e-02
-3.068164205336799e-02 1.170538482616516e-02
-3.206173646824556e-02 1.077969768878739e-02
-3.354500308031153e-02 9.781994686879320e-03
-3.511978386471570e-02 8.719431081478324e-03
-3.677641211310406e-02 7.597838470796911e-03
-3.850665188881255e-02 6.422100573159659e-03
-4.030333994922514e-02 5.196394977406399e-03
-4.216014478737962e-02 3.924357425353173e-03
-4.407139776794597e-02 2.609198421640799e-03
-4.603197087111260e-02 1.253789002021513e-03
-4.803718578453786e-02 -1.392742893912557e-04
-5.008274477738583e-02 -1.567618934511697e-03
-5.216467712566172e-02 -3.029056413552333e-03
-5.427929689654176e-02 -4.521549886767132e-03
-5.642316919127199e-02 -6.043187707556602e-03
-5.859308279096326e-02 -7.592161442860332e-03
-6.078602771728372e-02 -9.166747447387366e-03
-6.299917661085314e-02 -1.076529129192552e-02
-6.522986910501423e-02 -1.238619452314491e-02
-6.747559856975925e-02 -1.402790335826236e-02
-6.973400074440127e-02 -1.568889900888319e-02
-7.200284388418879e-02 -1.736768939493505e-02
-7.428002012624005e-02 -1.906280205898184e-02
-7.656353784127599e-02 -2.077277812821919e-02
-7.885151478477188e-02 -2.249616719947725e-02
-8.114217189792060e-02 -2.423152304396914e-02
-8.343382763779161e-02 -2.597740004501828e-02
-8.572489273913715e-02 -2.773235029480264e-02
-8.801386532881690e-02 -2.949492128616718e-02
-9.029932632879889e-02 -3.126365414343886e-02
-9.257993509590919e-02 -3.303708234243345e-02
-9.485442525652493e-02 -3.481373087483677e-02
-9.712160070267352e-02 -3.659211581616582e-02
-9.938033172285936e-02 -3.837074425978287e-02
-1.016295512466499e-01 -4.014811458211638e-02
-1.038682511868235e-01 -4.192271700646719e-02
-1.060954788668776e-01 -4.369303443465025e-02
-1.083103335250495e-01 -4.545754351731982e-02
-1.105119628888083e-01 -4.721471593521298e-02
-1.126995598161392e-01 -4.896301986477369e-02
-1.148723590019061e-01 -5.070092160272506e-02
-1.170296337492177e-01 -5.242688732517437e-02
-1.191706928070793e-01 -5.413938495778789e-02
-1.212948772767191e-01 -5.583688613447992e-02
-1.234006301159784e-01 -5.751919279293360e-02
-1.254789655868657e-01 -5.919676163462369e-02
-1.275275711270133e-01 -6.087056257078304e-02
-1.295462409876759e-01 -6.253859829773364e-02
-1.315348053228393e-01 -6.419886011684892e-02
-1.334931265558864e-01 -6.584933148465194e-02
-1.354210958585991e-01 -6.748799150220378e-02
-1.373186297470132e-01 -6.911281832945543e-02
-1.391856667986049e-01 -7.072179251104235e-02
-1.410221644951755e-01 -7.231290020083947e-02
-1.428280961956083e-01 -7.388413627346274e-02
-1.446034482424180e-01 -7.543350731180154e-02
-1.463482172056995e-01 -7.695903446058877e-02
-1.480624072677167e-01 -7.845875613696401e-02
-1.497460277509616e-01 -7.993073058995571e-02
-1.513990907920613e-01 -8.137303830179611e-02
-1.530216091634212e-01 -8.278378422499094e-02
-1.546135942439753e-01 -8.416109985008434e-02
-1.561750541398663e-01 -8.550314510009402e-02
-1.577059919553097e-01 -8.680811004862944e-02
-1.592064042133070e-01 -8.807421645975655e-02
-1.606762794252697e-01 -8.929971914871875e-02
-1.621155968080002e-01 -9.048290716367695e-02
-1.635243251458469e-01 -9.162210478967703e-02
-1.649024217952269e-01 -9.271567237709601e-02
-1.662498318280701e-01 -9.376200699785102e-02
-1.675664873101098e-01 -9.475954293367581e-02
-1.688523067093132e-01 -9.570675200177758e-02
-1.701071944291244e-01 -9.660214372417490e-02
-1.713310404605747e-01 -9.744426534798603e-02
-1.725237201467143e-01 -9.823170172488095e-02
-1.736850940522318e-01 -9.896307505882876e-02
-1.748150079305513e-01 -9.963704453215806e-02
-1.759132927801495e-01 -1.002523058208036e-01
-1.769797649813012e-01 -1.008075905104301e-01
-1.780142265039547e-01 -1.013016654259023e-01
-1.790164651769609e-01 -1.017333318873088e-01
-1.799862550084269e-01 -1.021014249064351e-01
-1.809233565465473e-01 -1.024048123382280e-01
-1.818275172698806e-01 -1.026423940023788e-01
-1.826984719956888e-01 -1.028131007906942e-01
-1.835359432946493e-01 -1.029158937763976e-01
-1.843396418999786e-01 -1.029497633419224e-01
-1.851092670987800e-01 -1.029137283421106e-01
-1.858445070932515e-01 -1.028068353200170e-01
-1.865450393192523e-01 -1.026281577927318e-01
-1.872105307096495e-01 -1.023767956247783e-01
-1.878406378898341e-01 -1.020518745067053e-01
-1.884350072928236e-01 -1.016525455564797e-01
-1.889932751814471e-01 -1.011779850611869e-01
-1.895150675652557e-01 -1.006273943763617e-01
-1.900000000000000e-01 -1.000000000000000e-01
-1.904408470263567e-01 -9.930524428430748e-02
-1.908309286126136e-01 -9.855354397638373e-02
-1.911706138668189e-01 -9.774569448059760e-02
-1.914601989305876e-01 -9.688260562107176e-02
-1.916999101592861e-01 -9.596529731227077e-02
-1.918899074289525e-01 -9.499489505556408e-02
-1.920302875582083e-01 -9.397262527884466e-02
-1.921210878332418e-01 -9.289981053655601e-02
-1.921622896238230e-01 -9.177786458766826e-02
-1.921538220782566e-01 -9.060828736924367e-02
-1.920955658851811e-01 -8.939265988324720e-02
-1.919873570901813e-01 -8.813263901419710e-02
-1.918289909552991e-01 -8.682995229511088e-02
-1.916202258496900e-01 -8.548639263898931e-02
-1.913607871598956e-01 -8.410381305279770e-02
-1.910503712084639e-01 -8.268412135055578e-02
-1.906886491699651e-01 -8.122927488173115e-02
-1.902752709738061e-01 -7.974127529065923e-02
-1.898098691836451e-01 -7.822216332217756e-02
-1.892920628436499e-01 -7.667401368807858e-02
-1.887214612823182e-01 -7.509893000834351e-02
-1.880976678650929e-01 -7.349903984043561e-02
-1.874202836875551e-01 -7.187648980919875e-02
-1.866889112015561e-01 -7.023344084913341e-02
-1.859031577672600e-01 -6.857206357000964e-02
-1.850626391247115e-01 -6.689453375592902e-02
-1.841669827792050e-01 -6.520302800706568e-02
-1.832158312954247e-01 -6.349971953240741e-02
-1.822088454960391e-01 -6.178677410088058e-02
-1.811457075611687e-01 -6.006634615728378e-02
-1.800261240258990e-01 -5.834057510847386e-02
-1.788498286737883e-01 -5.661158178425355e-02
-1.776165853251039e-01 -5.488146507639812e-02
-1.763261905193319e-01 -5.315229875823751e-02
-1.749784760923194e-01 -5.142612848618310e-02
-1.735733116492422e-01 -4.970496898355375e-02
-1.721106069354352e-01 -4.799080140602360e-02
-1.705903141079734e-01 -4.628557088697927e-02
-1.690124299117600e-01 -4.459118426004924e-02
-1.673769977647456e-01 -4.290950795504653e-02
-1.656841097577921e-01 -4.124236606255925e-02
-1.639339085755779e-01 -3.959153856142732e-02
-1.621265893458502e-01 -3.795875970236871e-02
-1.602624014252333e-01 -3.634571654005925e-02
-1.583416501307285e-01 -3.475404760503764e-02
-1.563646984269739e-01 -3.318534170589925e-02
-1.543319685802785e-01 -3.164113685136258e-02
-1.522439437914167e-01 -3.012291928094626e-02
-1.501011698201516e-01 -2.863212259218112e-02
-1.479042566154722e-01 -2.717012695150756e-02
-1.456538799665729e-01 -2.573825837527281e-02
-1.433528503603678e-01 -2.433483584229579e-02
-1.410106772406320e-01 -2.294865472173088e-02
-1.386294650066573e-01 -2.157913136889592e-02
-1.362104414320925e-01 -2.022698171235547e-02
-1.337548860473282e-01 -1.889289767639608e-02
-1.312641311651679e-01 -1.757754817575308e-02
-1.287395630459003e-01 -1.628158009783962e-02
-1.261826232255149e-01 -1.500561925772141e-02
-1.235948100324620e-01 -1.375027131118751e-02
-1.209776803202319e-01 -1.251612261149120e-02
-1.183328514451261e-01 -1.130374099568701e-02
-1.156620035209988e-01 -1.011367648697870e-02
-1.129668819855069e-01 -8.946461900138439e-03
-1.102493005156240e-01 -7.802613337869746e-03
-1.075111443339382e-01 -6.682630566991060e-03
-1.047543739517110e-01 -5.586997264531837e-03
-1.019810293999810e-01 -4.516181125291147e-03
-9.919323500637246e-02 -3.470633824142547e-03
-9.639320478297364e-02 -2.450790828422172e-03
-9.358324850003741e-02 -1.457071058165199e-03
-9.076577853176483e-02 -4.898763948258111e-04
-8.794331757464476e-02 4.504089574819820e-04
-8.511850735649476e-02 1.363419250139081e-03
-8.229411847649025e-02 2.248808094645963e-03
-7.947306154441791e-02 3.106249474958717e-03
-7.665839982296363e-02 3.935438841685540e-03
-7.385336362251556e-02 4.736094253586343e-03
-7.106136675715072e-02 5.507957520998127e-03
-6.828602544795803e-02 6.250795292192371e-03
-6.553118016242446e-02 6.964400006280097e-03
-6.280092101605414e-02 7.648590613720030e-03
-6.009961754903742e-02 8.303212935709056e-03
-5.743195394804554e-02 8.928139493696821e-03
-5.480297114369401e-02 9.523268585332548e-03
-5.221811772871207e-02 1.008852230611619e-02
-4.968331239156751e-02 1.062384310537283e-02
-4.720502167873475e-02 1.112918830200135e-02
-4.479035861258349e-02 1.160452173769626e-02
-4.244721040014598e-02 1.204980135657122e-02
-4.018440790410691e-02 1.246496086670319e-02
-3.801195712695232e-02 1.284988256109440e-02
-3.594136658089422e-02 1.320435644366606e-02
-3.398613045190726e-02 1.352801712074037e-02
-3.216248121369228e-02 1.382024232128795e-02
-3.049064791682812e-02 1.407997959980678e-02
-2.899717627010137e-02 1.430542262666785e-02
-2.771988325999927e-02 1.449331503771034e-02
-2.672151656980529e-02 1.463702541208796e-02
-2.616959114220163e-02 1.471528727020921e-02
